Rowid_,OBJECTID,IN_FID,NEAR_FID,NEAR_DIST
,0,0,423,78743.425295829423703
,0,1,417,14781.852666832046452
,0,2,417,96403.425018275782350
,0,3,362,41810.920642804514500
,0,4,317,311444.274380731687415
,0,5,382,32275.222011632002250
,0,6,362,92679.949844004426268
,0,7,317,61791.872593153922935
,0,8,453,35614.254650869501347
,0,9,317,120479.680434311681893
,0,10,317,313342.574305596586782
,0,11,382,67830.960433134052437
,0,12,353,13717.236306062060976
,0,13,382,57826.153995028405916
,0,14,362,260331.807122813508613
,0,15,362,84425.282811935976497
,0,16,453,1661.200555540095820
,0,17,453,62784.651188766976702
,0,18,362,419852.783033483661711
,0,19,382,115416.858759666851256
,0,20,382,204444.197530117235146
,0,21,362,317853.898987531370949
,0,22,362,167347.351865299016936
,0,23,362,345094.908182996383402
,0,24,459,145853.109189540205989
,0,25,417,28538.232511888039880
,0,26,362,26694.908601687180635
,0,27,317,155231.635081594693474
,0,28,417,266099.370896686334163
,0,29,362,71430.689879896803177
,0,30,362,116068.520606856065569
,0,31,453,3376.017127610584339
,0,32,353,50460.159826312781661
,0,33,362,85016.490344161866233
,0,34,362,7239.582468136681200
,0,35,362,8893.410822909378112
,0,36,353,198472.024961301853182
,0,37,362,214269.519289708929136
,0,38,317,6233.234708188160766
,0,39,324,40690.094792036587023
,0,40,453,2808.041500086922042
,0,41,353,16630.083098326136678
,0,42,459,56220.901256716890202
,0,43,353,51881.606530698452843
,0,44,362,49925.197826765768696
,0,45,459,53682.739757258357713
,0,46,362,8890.397990906911218
,0,47,423,301075.879003106034361
,0,48,362,159498.667666664958233
,0,49,423,205579.125341962819220
,0,50,313,4712.156638605073567
,0,51,362,26301.812330620490684
,0,52,330,83997.089318363374332
,0,53,330,7612.210819501327933
,0,54,359,30423.836021121052909
,0,55,313,109659.785353573010070
,0,56,359,205609.892581252846867
,0,57,313,39298.332583739917027
,0,58,415,174426.028468528093072
,0,59,313,104086.351980767038185
,0,60,415,56803.886966609548836
,0,61,415,4827.694984883533834
,0,62,415,18069.130192292381253
,0,63,330,67040.236612099703052
,0,64,415,146457.470060464984272
,0,65,362,15252.348938340846871
,0,66,415,68362.536474442065810
,0,67,313,28043.048925336894172
,0,68,330,14523.033520703818795
,0,69,313,81840.480759431535262
,0,70,313,5207.155688281417497
,0,71,313,38709.941291903749516
,0,72,415,55466.020098631743167
,0,73,330,140220.911506275995634
,0,74,330,225921.675108262366848
,0,75,330,104084.444995864876546
,0,76,330,34494.962212720434763
,0,77,362,133631.244246878690319
,0,78,359,96510.640543437082670
,0,79,362,149738.432100606296444
,0,80,313,5058.099654559356168
,0,81,415,76580.462301653664326
,0,82,313,172098.664586623344803
,0,83,362,4221.368168513386081
,0,84,415,6399.312054165843620
,0,85,415,18375.615408790239599
,0,86,415,34366.117873375158524
,0,87,362,18651.301326335567865
,0,88,328,30931.384574882831657
,0,89,328,65703.297997051369748
,0,90,414,4619.045861315031289
,0,91,311,89766.002897661397583
,0,92,311,41198.417960710976331
,0,93,414,109869.956981550203636
,0,94,414,65921.383478368225042
,0,95,396,63247.247336398759217
,0,96,353,17070.251005097125017
,0,97,414,157455.686943045904627
,0,98,353,41114.185675558816001
,0,99,259,20303.722884671155043
,0,100,311,69358.791816526805633
,0,101,259,51361.755391310551204
,0,102,317,174787.208945911610499
,0,103,266,1464.633384939347707
,0,104,315,6034.957856463802273
,0,105,266,30980.849191274242912
,0,106,278,106893.786050130409421
,0,107,259,42346.703368717950070
,0,108,309,2233.521186785481405
,0,109,259,43923.446290953674179
,0,110,266,48401.672018663324707
,0,111,309,2323.235175265359885
,0,112,266,171868.904098053433700
,0,113,309,2663.379779989266353
,0,114,309,125924.445465350800077
,0,115,266,183603.327045769983670
,0,116,278,42899.482084674142243
,0,117,278,4548.211521627207730
,0,118,266,70454.470765426565777
,0,119,311,296891.414978874789085
,0,120,278,89854.849132373550674
,0,121,266,3128.018387226461073
,0,122,311,120300.401588886452373
,0,123,266,8057.540501007898456
,0,124,320,73756.781746772656334
,0,125,320,5649.580979200211914
,0,126,309,13308.697831124602089
,0,127,320,158024.672468258882873
,0,128,259,134605.868834023101954
,0,129,259,10125.903170153957035
,0,130,266,7198.789922188324454
,0,131,309,88097.470339162173332
,0,132,266,4060.668262822824545
,0,133,266,72939.205827033045352
,0,134,320,53036.621547789269243
,0,135,328,7117.180371372393893
,0,136,309,35008.555918960737472
,0,137,155,66900.760508267761907
,0,138,45,352.139189779112542
,0,139,155,17010.968388428329490
,0,140,139,6263.817484737533960
,0,141,190,2236.084801796987449
,0,142,45,3726.415941047255728
,0,143,190,28237.224290736870898
,0,144,190,8836.468949573660211
,0,145,188,7411.131330877003165
,0,146,45,44396.321863112716528
,0,147,45,7657.784420900996338
,0,148,190,36359.765459139045561
,0,149,155,40956.063851317303488
,0,150,45,8686.801970707740111
,0,151,266,56491.101553782704286
,0,152,157,120044.202565944069647
,0,153,236,62784.502132061687007
,0,154,266,234173.173125699860975
,0,155,226,29921.840915021373803
,0,156,266,29208.034755364304146
,0,157,266,24428.141319242899044
,0,158,272,5067.405795511533142
,0,159,236,48081.565866131219082
,0,160,226,322879.986214477801695
,0,161,266,194827.857394109189045
,0,162,271,233802.930286997172516
,0,163,271,23572.222747934425570
,0,164,254,65784.214052554540103
,0,165,220,7106.346279017155211
,0,166,271,44673.431756458623568
,0,167,185,253510.246344437851803
,0,168,266,201570.422936104732798
,0,169,197,23790.222790924795845
,0,170,271,6893.859847935750622
,0,171,197,256293.846514691918856
,0,172,271,187750.768771618255414
,0,173,157,44572.628943392854126
,0,174,149,9608.904176975458540
,0,175,236,161491.716706399689429
,0,176,226,45395.312955298650195
,0,177,193,17409.557470792569802
,0,178,226,146285.935871254885569
,0,179,197,45173.020816295749682
,0,180,266,8305.147402219543437
,0,181,125,111953.366066751856124
,0,182,125,48708.016887711266463
,0,183,125,36786.316808349838539
,0,184,266,115605.744245047695586
,0,185,66,52848.370432870891818
,0,186,143,189028.151043804333312
,0,187,266,43154.814411721614306
,0,188,266,168092.336178435332840
,0,189,226,201581.062340060685528
,0,190,226,58145.129568850250507
,0,191,266,209053.616430986265186
,0,192,157,214752.234857796662254
,0,193,226,166219.322408997773891
,0,194,226,120670.505990838864818
,0,195,272,9689.919942350677957
,0,196,188,40253.222437917655043
,0,197,271,244282.530156226333929
,0,198,96,19940.405598172368627
,0,199,266,35617.184189643863647
,0,200,236,105029.478883948409930
,0,201,225,1488.404074489616050
,0,202,226,241948.554201581166126
,0,203,266,58884.286529118609906
,0,204,262,6668.680010997113641
,0,205,226,213924.605701063759625
,0,206,254,17074.740057257131411
,0,207,197,98292.900328756266390
,0,208,266,290717.917025839618873
,0,209,186,164005.884018986398587
,0,210,226,5085.126786550944416
,0,211,271,68181.681012612607446
,0,212,271,15063.728368966350899
,0,213,266,15447.870848573938929
,0,214,271,71673.877997705945745
,0,215,271,94422.527136516102473
,0,216,271,321517.101177509699482
,0,217,266,268583.694207925640512
,0,218,125,51567.060394363601517
,0,219,226,45804.275854073312075
,0,220,226,76774.002625895402161
,0,221,403,121992.333280252511031
,0,222,403,55418.263258605038573
,0,223,382,4299.970059322681664
,0,224,396,85764.026504724926781
,0,225,49,4015.190471836041070
,0,226,19,22078.501225932646776
,0,227,560,36364.146137081501365
,0,228,568,58846.844521768063714
,0,229,560,78231.945595816534478
,0,230,560,198543.599754362163367
,0,231,523,94049.849767325475113
,0,232,560,109971.024514832824934
,0,233,560,5556.789384586706547
,0,234,560,3515.557807554027022
,0,235,560,65945.119059163247584
,0,236,560,71784.737517968795146
,0,237,560,9099.765539725865892
,0,238,574,26368.412315873112675
,0,239,574,82657.804145005095052
,0,240,523,89878.019122346697259
,0,241,568,40821.852079210511874
,0,242,560,121099.756968732748646
,0,243,560,33116.564909886881651
,0,244,574,78630.215636838343926
,0,245,560,145305.860756516078254
,0,246,568,154223.774365059100091
,0,247,564,98080.951533044833923
,0,248,560,39187.875720624528185
,0,249,523,12319.139377938461621
,0,250,516,1846.466427876089710
,0,251,516,22773.505018927469791
,0,252,516,44825.632471525001165
,0,253,523,2117.959262846759884
,0,254,516,7947.096817683399422
,0,255,302,99643.811573847502586
,0,256,302,27405.913743912584323
,0,257,302,57180.907027443587140
,0,258,306,20043.459714584016183
,0,259,285,1019.729304000033380
,0,260,292,44080.911337097139040
,0,261,302,453.106429088796347
,0,262,285,20335.726508822001051
,0,263,302,76464.213032942803693
,0,264,302,1765.163117066147151
,0,265,285,73479.999491644732188
,0,266,285,88334.067921026799013
,0,267,285,13841.251330607135969
,0,268,302,5952.055121582919128
,0,269,306,45958.775449161890720
,0,270,292,41617.341214980049699
,0,271,302,21865.039869340449513
,0,272,285,93644.366646932612639
,0,273,249,29971.693320305439556
,0,274,239,12051.437053495152213
,0,275,330,146289.299832927761599
,0,276,304,6954.013067912246697
,0,277,282,31409.155396425434446
,0,278,199,6848.038567263351069
,0,279,339,120517.101205927465344
,0,280,330,15076.834158323783413
,0,281,337,292484.408563787292223
,0,282,337,1391.813355763940535
,0,283,330,115735.940734651972889
,0,284,302,21414.393257601193909
,0,285,337,116458.129748923005536
,0,286,337,16447.946962332440307
,0,287,260,9482.002871799224522
,0,288,337,144030.361537183751352
,0,289,337,267889.892016453901306
,0,290,302,12532.231629525878816
,0,291,282,104778.617361911892658
,0,292,302,437679.072079922247212
,0,293,337,186917.934750251530204
,0,294,282,243670.728197589865886
,0,295,214,227852.582620419416344
,0,296,337,310836.885610151628498
,0,297,250,108269.114638829851174
,0,298,302,92280.284404209174681
,0,299,282,171.818488970261569
,0,300,214,59578.089340416452615
,0,301,214,323650.683347151323687
,0,302,302,186907.543170391872991
,0,303,330,328.673398496770801
,0,304,214,10663.122923428618378
,0,305,337,41599.881413694965886
,0,306,250,16700.599600591551280
,0,307,260,94732.433830650028540
,0,308,199,85069.916318805640913
,0,309,339,28336.799344973103871
,0,310,260,535803.897055142093450
,0,311,214,197972.492031765897991
,0,312,214,55128.901872518588789
,0,313,282,42995.376166749621916
,0,314,214,294497.485976781870704
,0,315,282,290314.649421687878203
,0,316,214,154740.399895330367144
,0,317,214,444609.952477164915763
,0,318,199,14672.958309292367630
,0,319,199,35326.302996183068899
,0,320,214,218101.136319732904667
,0,321,289,32062.161742386411788
,0,322,260,405068.212583573942538
,0,323,289,148782.048364560701884
,0,324,330,272047.261812248150818
,0,325,330,59636.705384110311570
,0,326,337,466188.893208243825939
,0,327,199,1946.744464855878959
,0,328,199,296558.943181897629984
,0,329,304,10722.014614677213103
,0,330,214,169822.112369878886966
,0,331,214,75213.205417044999194
,0,332,214,9732.614650188359519
,0,333,214,100180.469319690091652
,0,334,330,271174.223979926493485
,0,335,304,140557.883863552531693
,0,336,330,119231.904244559351355
,0,337,330,195238.276807673741132
,0,338,337,443623.665888232178986
,0,339,214,58852.120026620999852
,0,340,214,212260.029280800954439
,0,341,302,362494.848507205140777
,0,342,330,223335.807207073405152
,0,343,330,8725.043191513646889
,0,344,260,414160.573797353310511
,0,345,302,321114.094135272316635
,0,346,330,12801.886112280295492
,0,347,282,297809.786577422462869
,0,348,199,31112.661960567249480
,0,349,339,17261.487073368425627
,0,350,302,261272.148249162157299
,0,351,302,89057.393381822374067
,0,352,337,496508.249818447511643
,0,353,302,387904.230285703786649
,0,354,337,57059.185796734040196
,0,355,330,164607.962581623636652
,0,356,302,179906.238488726550713
,0,357,337,13720.898962422961631
,0,358,304,65894.885802532051457
,0,359,289,1135.537503237321516
,0,360,214,114348.212910161702894
,0,361,330,347113.496543463668786
,0,362,337,236902.348664581979392
,0,363,260,124408.463355231797323
,0,364,260,2086.184101772078066
,0,365,282,280606.135381510131992
,0,366,252,815.251474032719443
,0,367,214,116386.677128217925201
,0,368,302,162669.869210677017691
,0,369,199,26726.929585096033406
,0,370,214,431748.854985035490245
,0,371,337,343588.095142597740050
,0,372,250,382467.312070061569102
,0,373,260,287491.765891168615781
,0,374,302,36981.281936569284881
,0,375,199,66545.500020121486159
,0,376,302,29498.310276561220235
,0,377,260,475173.556252859765664
,0,378,337,477688.578799287555739
,0,379,282,3799.568311433158669
,0,380,229,15777.475688471451576
,0,381,214,51732.483828691983945
,0,382,337,17422.075589552481688
,0,383,302,209195.789643360243645
,0,384,199,120355.262214290720294
,0,385,302,47109.404665705158550
,0,386,32,80427.222113485127920
,0,387,10,249205.653842381667346
,0,388,30,59564.611516824304999
,0,389,30,122873.435116747205029
,0,390,32,213897.006922293308889
,0,391,30,208882.265266589907696
,0,392,26,20328.026891720011918
,0,393,26,101899.630883434190764
,0,394,32,4587.096518416159597
,0,395,32,13520.566205046367031
,0,396,26,31311.802530825010763
,0,397,26,14646.653222707500390
,0,398,26,54335.539040050309268
,0,399,26,22885.541006052364537
,0,400,10,50404.858835503197042
,0,401,2,105067.144684827639139
,0,402,16,4091.506831288606463
,0,403,14,152531.441731185972458
,0,404,14,38414.220787855403614
,0,405,14,74048.169862461945741
,0,406,14,283613.913181478739716
,0,407,14,142536.655854059121339
,0,408,12,125190.922911199624650
,0,409,14,234945.167768363957293
,0,410,2,31716.274922596854594
,0,411,14,14357.899263527930088
,0,412,14,12725.446111024180937
,0,413,2,36904.698895590569009
,0,414,14,36362.801218266773503
,0,415,8,114213.134916466500727
,0,416,14,127984.988067463084008
,0,417,0,29733.492812432941719
,0,418,8,40292.910131933444063
,0,419,14,87768.609713947545970
,0,420,14,99813.302095484774327
,0,421,2,102983.736183117303881
,0,422,12,38954.798433207084599
,0,423,14,201743.810692074621329
,0,424,16,54420.874460592858668
,0,425,2,332022.235785844561178
,0,426,2,40431.864202348464460
,0,427,2,91142.587487017852254
,0,428,572,1625.579408591278479
,0,429,526,17660.954776257225603
,0,430,567,1481.805642292065841
,0,431,535,132843.489841097238241
,0,432,505,153076.937733782804571
,0,433,550,41343.520465165354835
,0,434,505,306889.311869511380792
,0,435,553,15975.237590903025193
,0,436,550,222770.326962530729361
,0,437,550,242589.333516382146627
,0,438,545,281873.564669259998482
,0,439,553,60178.490425333104213
,0,440,535,274919.170051385997795
,0,441,545,10193.258438470676992
,0,442,550,192980.565457977383630
,0,443,550,76605.650727351006935
,0,444,545,10150.370288584566879
,0,445,505,78016.135047454547021
,0,446,550,54457.023333394732617
,0,447,545,370240.576275085797533
,0,448,578,94383.664744536858052
,0,449,575,28238.055068111920264
,0,450,575,22475.727181981408648
,0,451,575,68728.215485731736408
,0,452,575,101209.630498852682649
,0,453,557,7873.572133122217565
,0,454,575,77373.289575422168127
,0,455,578,72620.686205649923068
,0,456,553,5911.826688639702297
,0,457,553,23074.156127858732361
,0,458,578,30767.023536162796518
,0,459,579,62541.846575648909493
,0,460,553,41740.852890175607172
,0,461,199,83682.195852193894098
,0,462,190,197119.750440892064944
,0,463,199,163737.656890660960926
,0,464,190,29929.069807928855880
,0,465,41,179308.770544307102682
,0,466,190,47362.054801578895422
,0,467,199,193993.629923766711727
,0,468,41,67.168702809092920
,0,469,43,46691.719500961713493
,0,470,199,58362.555940060381545
,0,471,199,78348.640384976810310
,0,472,190,20837.500520288496773
,0,473,41,147565.942700233077630
,0,474,102,82898.725634524133056
,0,475,102,139742.236518178367987
,0,476,199,31021.127266192685056
,0,477,102,6622.879885355175247
,0,478,201,60193.846914550631482
,0,479,102,60502.712016327197489
,0,480,28,250301.122380347485887
,0,481,102,55253.535568261599110
,0,482,102,42198.381942661930225
,0,483,190,10014.387571830086017
,0,484,190,35917.850385337493208
,0,485,102,40514.321842241799459
,0,486,43,4805.656854604946602
,0,487,102,214898.277518005808815
,0,488,102,10305.833914351458588
,0,489,199,12896.984465690702564
,0,490,190,53825.388931078450696
,0,491,28,8312.552251952651204
,0,492,199,62425.341286214214051
,0,493,41,82436.527930761236348
,0,494,28,129884.233011299103964
,0,495,190,31932.500214998552110
,0,496,199,78655.835082048433833
,0,497,361,7265.992166149953846
,0,498,355,2778.903411458109076
,0,499,366,6870.693775723342696
,0,500,366,28711.715697919320519
,0,501,366,44288.804136029822985
,0,502,368,51200.951518790308910
,0,503,368,64099.311809549551981
,0,504,355,68771.796732461734791
,0,505,355,14164.832491724264401
,0,506,361,6693.858390935575699
,0,507,368,21428.874668022242986
,0,508,361,65073.602529369745753
,0,509,368,14768.138939935974122
,0,510,386,155.603619928578325
,0,511,386,21195.073416222498054
,0,512,421,12890.523861197905717
,0,513,386,5060.282196517585362
,0,514,370,5918.845284427425213
,0,515,425,37589.575086023854965
,0,516,431,102081.212090417015133
,0,517,357,52435.905746047632420
,0,518,366,3357.575153133781896
,0,519,370,46968.975974196371681
,0,520,366,70575.502358225086937
,0,521,357,17978.154731026908848
,0,522,386,23689.459468390872644
,0,523,368,1183.317659751235396
,0,524,425,88722.527008266813937
,0,525,366,280.451494897947100
,0,526,357,7275.937883922764740
,0,527,386,63000.738973101244483
,0,528,431,6225.679074689270237
,0,529,357,20704.164222621140652
,0,530,368,21093.167922607113724
,0,531,350,1791.908374780256509
,0,532,347,52948.553843911213335
,0,533,357,50110.002953647228424
,0,534,355,58402.071853449298942
,0,535,350,21453.024578564582043
,0,536,357,4290.929116899928886
,0,537,350,25344.334481657690048
,0,538,357,45541.727071117100422
,0,539,347,35312.156671608572651
,0,540,355,21967.272121803303889
,0,541,357,32112.178169059425272
,0,542,350,69489.224045038645272
,0,543,347,27039.035053176634392
,0,544,357,17559.026514707777096
,0,545,337,35962.910095757739327
,0,546,337,237227.693237546278397
,0,547,337,20223.055604780380236
,0,548,348,162943.431240072415676
,0,549,306,35293.589190862418036
,0,550,337,41189.384443653958442
,0,551,337,9497.612897927372615
,0,552,384,49681.572804614093911
,0,553,378,6307.406589943767358
,0,554,348,4661.737285615929068
,0,555,378,88364.967155105972779
,0,556,339,15877.423702822616178
,0,557,359,5444.364558643190321
,0,558,384,20237.653282686744205
,0,559,337,145187.533622812537942
,0,560,384,56900.050802320220100
,0,561,359,35196.520437569044589
,0,562,384,53691.429247396568826
,0,563,384,39460.718459981333581
,0,564,337,9868.065003888761566
,0,565,337,765.893971226678900
,0,566,306,13345.337312946543534
,0,567,384,27977.046074928439339
,0,568,348,21529.590311806663522
,0,569,337,18676.220974479263532
,0,570,306,79747.164244845756912
,0,571,499,106146.870976819060161
,0,572,415,391884.788435760885477
,0,573,498,110392.250567913433770
,0,574,453,9335.224264483371371
,0,575,480,48150.893707176372118
,0,576,501,207625.754716047551483
,0,577,480,286983.612728734966367
,0,578,453,23292.557144097423588
,0,579,415,214729.738686720113037
,0,580,485,334335.023609132214915
,0,581,496,135248.505859995842911
,0,582,415,288372.789185840287246
,0,583,485,238585.523409870889736
,0,584,499,231858.121623394632479
,0,585,415,167247.044400914630387
,0,586,415,64278.530155091641063
,0,587,415,320291.286763903161045
,0,588,415,18245.096137263491983
,0,589,485,137628.140298183279810
,0,590,480,397286.605278034170624
,0,591,415,91479.921044771268498
,0,592,453,74823.770748922150233
,0,593,453,3674.193027065183287
,0,594,415,85320.423236961316434
,0,595,480,91903.398148747321102
,0,596,415,341017.341254879662301
,0,597,415,276521.752140620781574
,0,598,415,79516.260674879449653
,0,599,485,3578.033272663141815
,0,600,485,570834.537072545150295
,0,601,415,177043.547608945256798
,0,602,378,10362.803318149992265
,0,603,501,181205.222242032352369
,0,604,485,76067.771321364358300
,0,605,415,140739.549966472841334
,0,606,453,14249.316847873205916
,0,607,415,36792.591650932357879
,0,608,485,2004.218131851973567
,0,609,485,29738.771056201312604
,0,610,415,34302.525921017630026
,0,611,485,3053.474849655784965
,0,612,415,178397.551552222721511
,0,613,485,278437.468549124547280
,0,614,415,211337.113065563782584
,0,615,415,13055.689513233382968
,0,616,415,155027.201586037786910
,0,617,485,3148.972036082545856
,0,618,415,166403.063844447839074
,0,619,415,57092.692561564115749
,0,620,499,445422.330598012718838
,0,621,415,9250.062327285048013
,0,622,480,141252.129446387611097
,0,623,485,10502.573131276112690
,0,624,415,70580.685570566653041
,0,625,415,71541.707981169718551
,0,626,485,47934.057485011333483
,0,627,480,9958.714151955160560
,0,628,415,82087.511121715288027
,0,629,485,211709.305471590050729
,0,630,501,19729.423158192072151
,0,631,485,104290.986205413035350
,0,632,437,22576.966934017749736
,0,633,401,11118.874171530405874
,0,634,479,29141.541103357583779
,0,635,480,48807.543940424999164
,0,636,480,71672.304678224681993
,0,637,479,88992.370486615633126
,0,638,480,5126.083950838980854
,0,639,459,63462.775618663050409
,0,640,479,14803.248646970521804
,0,641,479,69916.034443844764610
,0,642,459,17792.630423141985375
,0,643,341,89227.449789561156649
,0,644,341,22612.997476052019920
,0,645,364,35248.488263273378834
,0,646,341,57258.032701074480428
,0,647,341,803.709981836371639
,0,648,364,62823.978246188504272
,0,649,341,5069.451041528399401
,0,650,350,47344.062152729515219
,0,651,376,7684.231558455587219
,0,652,364,170463.639334143139422
,0,653,350,119848.025135615753243
,0,654,372,2664.251195706310682
,0,655,364,12211.839207589746366
,0,656,341,14734.122472951125019
,0,657,370,50306.414114862302085
,0,658,341,53893.333045301682432
,0,659,364,127215.070103553676745
,0,660,372,74937.371873552503530
,0,661,341,143301.711946572293527
,0,662,372,1193.893318638369237
,0,663,350,19675.229672404559096
,0,664,370,208405.095180343225366
,0,665,372,22527.362249838395655
,0,666,370,633.656922972662642
,0,667,350,9088.511364315147148
,0,668,370,1819.203723820533696
,0,669,364,5795.167496853813645
,0,670,364,74018.331135173648363
,0,671,372,25598.168836528642714
,0,672,370,78655.055147013321402
,0,673,341,9241.724150203821409
,0,674,374,8497.401799366076375
,0,675,364,9050.773594134716404
,0,676,350,56794.266381008346798
,0,677,372,103374.007538071702584
,0,678,370,108565.109285509766778
,0,679,465,301259.207445400068536
,0,680,483,216631.736238990823040
,0,681,465,196845.734916661807802
,0,682,493,184860.153979822760448
,0,683,465,2783.581602924581603
,0,684,465,129336.247136956386385
,0,685,465,802.445783647488042
,0,686,425,21291.859822465357865
,0,687,465,65895.511198407009942
,0,688,425,922.048050723385018
,0,689,513,62802.269585871370509
,0,690,493,154777.945256331295241
,0,691,493,93998.307603596549598
,0,692,425,91940.621023260333459
,0,693,513,216951.317821538192220
,0,694,425,9648.807865134695021
,0,695,493,171643.564824000583030
,0,696,465,8306.578725017501711
,0,697,465,4118.516901484837945
,0,698,465,55241.406416435725987
,0,699,465,6261.545700936526373
,0,700,374,1526.076833490693616
,0,701,465,611.206323245988642
,0,702,465,200866.418227362184552
,0,703,493,53458.272979694353126
,0,704,465,89407.795130603408325
,0,705,513,137405.141405383212259
,0,706,493,6405.719407305290588
,0,707,441,219.068185276450805
,0,708,433,6687.156028144862830
,0,709,431,10340.822839981199650
,0,710,441,18490.250982534606010
,0,711,431,9112.587503591403220
,0,712,474,123752.931564662110759
,0,713,448,38615.285919863490562
,0,714,469,36867.617894510578481
,0,715,474,12656.343119721599578
,0,716,431,8529.219358520023889
,0,717,474,45699.983272532685078
,0,718,469,60720.898290634453588
,0,719,427,12242.125792998818724
,0,720,450,3529.422905602134051
,0,721,427,247416.621832283271942
,0,722,427,219434.504737785347970
,0,723,446,330337.949575503356755
,0,724,427,668.079369598706649
,0,725,446,138124.134556961245835
,0,726,427,205062.825889346946497
,0,727,427,273765.493542846059427
,0,728,342,281488.939741534006316
,0,729,427,90115.852781157940626
,0,730,409,183134.740690629172605
,0,731,342,263676.169266126758885
,0,732,409,27701.629855628820224
,0,733,427,28574.416688493842230
,0,734,427,39610.099572464452649
,0,735,427,240238.828159949829569
,0,736,446,66471.217362477036659
,0,737,446,6012.950852071700865
,0,738,427,332694.711574510554783
,0,739,427,105529.330396483710501
,0,740,427,110999.961535209295107
,0,741,427,21259.973509479106724
,0,742,427,234846.914453054923797
,0,743,427,262159.389025738695636
,0,744,409,50562.365269402092963
,0,745,446,195093.200748457136797
,0,746,409,3561.955040788573115
,0,747,427,95549.586788181099109
,0,748,446,304745.474734449060634
,0,749,342,45833.961493855829758
,0,750,409,35400.207607560718316
,0,751,427,59902.202536465490994
,0,752,346,135696.414930680271937
,0,753,427,14152.780488434485960
,0,754,446,89548.596513834127109
,0,755,409,963.404699657983315
,0,756,427,7354.377201239445640
,0,757,409,351690.259361906559207
,0,758,446,254225.017285217472818
,0,759,427,219731.870707741560182
,0,760,427,13564.307917201598684
,0,761,409,12670.264620809453845
,0,762,342,221861.846660035284003
,0,763,427,301770.490486695722211
,0,764,346,23997.316887281263917
,0,765,346,133443.072564487927593
,0,766,427,193190.926812798308674
,0,767,346,134944.272387055505533
,0,768,342,254934.589622140309075
,0,769,346,37065.235363494415651
,0,770,346,25533.103202286372834
,0,771,346,51545.473586059160880
,0,772,346,548.668377860100236
,0,773,427,107707.176500971603673
,0,774,446,312859.189972604392096
,0,775,427,129464.058298135787481
,0,776,427,72481.212358498640242
,0,777,427,171562.545311071909964
,0,778,446,352679.950246490072459
,0,779,427,126011.292730263332487
,0,780,409,174494.990553217096021
,0,781,409,265506.144797953544185
,0,782,427,10806.627644546735610
,0,783,446,5791.594947150114422
,0,784,446,120453.408750249363948
,0,785,446,189153.028060653072316
,0,786,446,363316.893067294149660
,0,787,427,56469.156373893929413
,0,788,427,22189.509349475403724
,0,789,427,71104.693061946512898
,0,790,446,27426.012687597780314
,0,791,427,390418.195190394122619
,0,792,427,1834.588048366413204
,0,793,342,145000.078680798556888
,0,794,446,287888.030656035873108
,0,795,427,107927.562647079146700
,0,796,446,143298.413146692386363
,0,797,427,14741.387511080711192
,0,798,427,287485.317043034010567
,0,799,446,131669.424368304462405
,0,800,427,31000.966829717846849
,0,801,446,31849.867563402349333
,0,802,427,38579.898887764858955
,0,803,427,9695.927438179469391
,0,804,427,51171.927783914201427
,0,805,427,57268.323522734193830
,0,806,446,2168.081412739356892
,0,807,427,74207.669115001335740
,0,808,342,234263.824927097914042
,0,809,427,13517.134958482023649
,0,810,409,246928.637611435115105
,0,811,346,35914.815422770792793
,0,812,427,98304.234021028751158
,0,813,409,101944.856510537676513
,0,814,445,38595.298799397933180
,0,815,450,47011.946658486922388
,0,816,427,29250.043012334197556
,0,817,427,155929.627479159942595
,0,818,427,161270.342894509609323
,0,819,450,12287.871345482064498
,0,820,427,27205.380019929070841
,0,821,427,91166.406491350251599
,0,822,446,169882.872130905336235
,0,823,427,27923.434698015051254
,0,824,427,12214.729349740066027
,0,825,427,321.218594085837935
,0,826,427,2439.588892985472285
,0,827,427,144283.380386671371525
,0,828,427,55869.510145492218726
,0,829,427,255118.015052846254548
,0,830,427,339408.000395095790736
,0,831,409,141438.604594462463865
,0,832,427,68810.525706795597216
,0,833,450,3093.851199041389009
,0,834,427,55098.362924629393092
,0,835,380,13395.505809086009322
,0,836,409,91238.672436590160942
,0,837,380,27806.035776828706730
,0,838,409,14577.288833367207189
,0,839,380,811.564150399244340
,0,840,419,10662.423636441193594
,0,841,409,55541.620991237425187
,0,842,409,57251.772032793611288
,0,843,409,9181.078931195437690
,0,844,411,34118.606559310763259
,0,845,380,3963.022568447363028
,0,846,380,68553.885994118361850
,0,847,380,1643.831741728802172
,0,848,380,14326.061214228395329
,0,849,345,14763.259057546361873
,0,850,380,50989.473202867222426
,0,851,380,2870.928454921050161
,0,852,419,1426.029479380993962
,0,853,32,62447.492947751001338
,0,854,213,78764.092823753351695
,0,855,214,186784.008618738967925
,0,856,214,33910.629164822043094
,0,857,32,22938.593726035247528
,0,858,213,215020.271920110244537
,0,859,213,39964.917519686474407
,0,860,214,126925.433504068903858
,0,861,213,40057.537821057871042
,0,862,32,74158.553102026984561
,0,863,102,187042.744671645457856
,0,864,213,394926.044638909981586
,0,865,214,13276.620694941802867
,0,866,213,146579.334273299056804
,0,867,214,108776.101712811563630
,0,868,102,9334.503070655031479
,0,869,214,22099.074624401877372
,0,870,214,140706.011294870724669
,0,871,102,109215.119510205680854
,0,872,102,107499.151381185147329
,0,873,213,216382.010459353361512
,0,874,32,251898.165083088504616
,0,875,102,58121.106521656794939
,0,876,32,333624.410127207112964
,0,877,32,255126.751268118270673
,0,878,102,38453.517457018737332
,0,879,32,173820.456845876353327
,0,880,213,33015.892691680150165
,0,881,214,295920.668909553089179
,0,882,229,18349.186683371477557
,0,883,214,4087.282368803706049
,0,884,229,13495.191003254902171
,0,885,24,66546.449569387186784
,0,886,26,57953.694119838750339
,0,887,14,145534.978556356451008
,0,888,14,20363.322708704785327
,0,889,26,6016.316339305564725
,0,890,14,71526.763138164445991
,0,891,26,27179.089751198611339
,0,892,26,37863.435905032485607
,0,893,24,14313.177844114041363
,0,894,14,52539.135755649745988
,0,895,14,99095.970495144661982
,0,896,26,30496.054569381700276
,0,897,14,41285.641390623793995
,0,898,24,309294.664692130871117
,0,899,14,5726.070007067311053
,0,900,26,9103.778562412482643
,0,901,14,2268.633037113638693
,0,902,26,102841.199519820249407
,0,903,26,184932.168490913143614
,0,904,14,26454.124770168305986
,0,905,39,60596.736098420784401
,0,906,24,35364.007314209746255
,0,907,39,205503.675767685810570
,0,908,41,102006.020130829492700
,0,909,41,1790.932625047767942
,0,910,39,30625.513416688016150
,0,911,39,33511.767230592304259
,0,912,24,109602.613340102805523
,0,913,24,448.000388473718090
,0,914,41,8489.486609495039374
,0,915,41,11932.288023844566851
,0,916,39,54580.071291728869255
,0,917,24,20960.794930618238141
,0,918,39,177.098317191267256
,0,919,41,20803.274373412899877
,0,920,16,38483.330248493432009
,0,921,39,193029.572655625641346
,0,922,439,7682.806883064011345
,0,923,439,134992.047444234311115
,0,924,384,152786.461693770746933
,0,925,485,231623.085095832822844
,0,926,452,15773.630379319922213
,0,927,503,258708.351288907579146
,0,928,439,35057.936254722641024
,0,929,503,92066.935812108175014
,0,930,439,214938.705331461154856
,0,931,384,202306.478163459512871
,0,932,485,7335.429645244690619
,0,933,439,104882.274425610885373
,0,934,384,77140.640843199027586
,0,935,485,3297.126215935506480
,0,936,485,202031.175332711776718
,0,937,442,40801.645596419446520
,0,938,456,343959.300330183934420
,0,939,439,16272.728028208010073
,0,940,456,253071.972639042884111
,0,941,439,63998.467172666190891
,0,942,439,55019.783865446261188
,0,943,456,277342.254826115036849
,0,944,485,197922.344737452425761
,0,945,485,211470.693752658407902
,0,946,439,7963.749331005958084
,0,947,485,24233.351297985213023
,0,948,384,5882.509712250882330
,0,949,485,87139.243182677368168
,0,950,439,40362.921593359380495
,0,951,485,219407.670832735107979
,0,952,485,226854.017060489131836
,0,953,439,37982.203043190609606
,0,954,384,11178.267527387137307
,0,955,384,7196.528219052562235
,0,956,439,285528.804563746030908
,0,957,384,54298.869893841147132
,0,958,384,97253.698582036566222
,0,959,456,89551.249034097127151
,0,960,485,68992.664202628380735
,0,961,456,119750.289025313846651
,0,962,439,146208.786431386077311
,0,963,485,8492.519330961617015
,0,964,503,156896.674345424748026
,0,965,439,6478.922476178585384
,0,966,485,2121.457949171863675
,0,967,452,19185.572080873989762
,0,968,452,19185.572080873989762
,0,969,577,65425.944719081824587
,0,970,513,434637.210810492455494
,0,971,507,71530.506515187240439
,0,972,507,26339.899157891180948
,0,973,560,38202.206713445571950
,0,974,535,176770.786603064509109
,0,975,560,1357.859296121923535
,0,976,513,624.999273481476280
,0,977,575,319591.457129869959317
,0,978,560,132932.336746667395346
,0,979,560,35732.352090554981260
,0,980,560,6186.779159520632675
,0,981,535,25211.708583087402076
,0,982,560,7755.125071133343226
,0,983,513,88019.442793106980389
,0,984,575,34795.464223613147624
,0,985,577,190582.104028416943038
,0,986,575,8514.978873062615094
,0,987,577,32754.860879922016466
,0,988,513,47950.377517811110010
,0,989,577,271108.825621180178132
,0,990,577,11844.133040578226428
,0,991,577,266840.423482015437912
,0,992,577,395110.523962726758327
,0,993,575,173473.575615563226165
,0,994,535,7929.488274916615410
,0,995,577,133136.112463500496233
,0,996,560,205665.606363747443538
,0,997,575,75107.880238980898866
,0,998,560,112316.302205735453754
,0,999,575,4316.404474939205102
,0,1000,560,462746.707903395057656
,0,1001,513,240204.918681276001735
,0,1002,560,11037.167932545311487
,0,1003,575,195468.067044234019704
,0,1004,45,63683.379356438941613
,0,1005,128,41258.944239246426150
,0,1006,128,67798.684862067893846
,0,1007,128,169408.755844410450663
,0,1008,45,15296.754769282018970
,0,1009,39,10824.749004897230407
,0,1010,39,73207.588437267273548
,0,1011,128,198054.274706541968044
,0,1012,128,43319.479645247141889
,0,1013,128,166813.721278157463530
,0,1014,39,47162.570266877388349
,0,1015,125,2102.373072468552436
,0,1016,128,76493.541528033427312
,0,1017,43,13969.950561142204606
,0,1018,128,7339.543729952201829
,0,1019,45,1899.084843917771423
,0,1020,53,18662.173330085384805
,0,1021,45,117941.830530100807664
,0,1022,12,1539.106814058992768
,0,1023,39,40887.183982690825360
,0,1024,12,49989.302832918816421
,0,1025,125,100765.147105493990239
,0,1026,45,22076.663079356854723
,0,1027,6,3319.607799266104848
,0,1028,8,61118.989658663762384
,0,1029,252,10141.100608590573756
,0,1030,254,3445.960969613655834
,0,1031,256,6707.911818737476096
,0,1032,254,55168.165248227254779
,0,1033,260,13239.062232851225417
,0,1034,264,7183.910357139452572
,0,1035,262,393.486039200168193
,0,1036,262,6403.885111023826539
,0,1037,256,42264.018020589326625
,0,1038,256,11622.851509722817354
,0,1039,262,2912.855113595848707
,0,1040,313,72294.164438075400540
,0,1041,301,29437.855590231487440
,0,1042,282,9617.328224350145319
,0,1043,264,30917.685190750882612
,0,1044,313,10424.109975847301030
,0,1045,280,56336.103858663293067
,0,1046,313,4697.252414994130959
,0,1047,309,34877.258910453267163
,0,1048,272,4266.316756076299498
,0,1049,309,36622.249961815308779
,0,1050,309,29560.711726434110460
,0,1051,282,19899.973184053287696
,0,1052,309,80423.836349791323300
,0,1053,313,3097.945994143472035
,0,1054,301,158996.548660773638403
,0,1055,304,1180.767665378422862
,0,1056,313,5664.240218631839525
,0,1057,304,18830.837795125018602
,0,1058,313,41274.803250596254657
,0,1059,275,63200.277076437509095
,0,1060,313,17269.317477641914593
,0,1061,301,34489.433280320852646
,0,1062,264,3960.177039269835859
,0,1063,309,15515.730455688861184
,0,1064,280,72183.666773713353905
,0,1065,309,105589.859651137827314
,0,1066,301,41684.181822183883924
,0,1067,309,8753.616272953689986
,0,1068,534,1374.733188521807961
,0,1069,549,6741.850709360088331
,0,1070,0,63970.266161683561222
,0,1071,0,7404.612165578100758
,0,1072,0,10947.295796636670275
,0,1073,427,119891.585982723627239
,0,1074,325,16587.892462627212808
,0,1075,427,52128.549558932696527
,0,1076,325,150964.757490635907743
,0,1077,348,54700.280007614208444
,0,1078,427,898.832346717977998
,0,1079,427,2521.704951310898196
,0,1080,325,125257.071476060955320
,0,1081,348,23076.767541365010402
,0,1082,427,7646.533955540606257
,0,1083,439,34561.020725773189042
,0,1084,439,8983.519625923274361
,0,1085,325,18871.080232705327944
,0,1086,439,108434.847832374012796
,0,1087,292,100673.471681555020041
,0,1088,427,11214.176691928740183
,0,1089,439,33608.987459289281105
,0,1090,294,134054.797709208301967
,0,1091,325,182011.883659034530865
,0,1092,427,74484.218094625728554
,0,1093,427,17744.487300736811449
,0,1094,427,65248.060813091840828
,0,1095,439,60399.763642411620822
,0,1096,439,41256.168780326064734
,0,1097,325,219.562176356276183
,0,1098,348,44552.378620752802817
,0,1099,427,28333.766615190572338
,0,1100,427,677.571278097598793
,0,1101,427,2934.274173477124805
,0,1102,348,123890.004313093828387
,0,1103,325,91346.219268982415088
,0,1104,427,58878.536456153131439
,0,1105,427,81894.916897831499227
,0,1106,325,81232.102469483128516
,0,1107,439,16676.888198697401094
,0,1108,427,33179.097635091209668
,0,1109,325,19440.295001336875430
,0,1110,325,39777.193796081046457
,0,1111,439,22332.398553914372314
,0,1112,427,16857.057418447406235
,0,1113,348,163037.466295276390156
,0,1114,427,17887.761822208176454
,0,1115,439,9749.850571177201346
,0,1116,427,21108.828075558172713
,0,1117,348,34861.956048546249804
,0,1118,348,157719.587745186930988
,0,1119,439,17619.646895229914662
,0,1120,427,89494.018603211021400
,0,1121,439,14075.207301825064860
,0,1122,427,69859.182958291901741
,0,1123,427,79450.750480382514070
,0,1124,325,57718.236517961275240
,0,1125,427,36073.380554230330745
,0,1126,427,862.038580894260008
,0,1127,427,2901.199072670377063
,0,1128,427,20579.231145342611853
,0,1129,348,44093.188729156558111
,0,1130,427,366.286374022396501
,0,1131,427,1354.055499929965208
,0,1132,427,16701.114554942269024
,0,1133,427,74278.371434967542882
,0,1134,427,132.619203453642172
,0,1135,439,24576.536501281618257
,0,1136,427,1025.478973540304651
,0,1137,427,7121.597187652085267
,0,1138,427,58215.434949895934551
,0,1139,427,17256.042741826619022
,0,1140,427,162448.285090065939585
,0,1141,281,3033.117740328794753
,0,1142,285,60637.974687894900853
,0,1143,285,14768.949357268735184
,0,1144,287,53717.408275123736530
,0,1145,285,168843.417278078035451
,0,1146,285,47843.772354259323038
,0,1147,285,1816.153593961314300
,0,1148,281,68557.025475677073700
,0,1149,281,46717.230798556105583
,0,1150,285,108728.946026515593985
,0,1151,281,21560.492226399692299
,0,1152,285,14996.845510211369401
,0,1153,285,876.421563253995714
,0,1154,450,63641.790706420535571
,0,1155,507,7196.584874674705134
,0,1156,507,307678.497889920196030
,0,1157,483,54299.332068210336729
,0,1158,507,7984.694362253832878
,0,1159,419,609.097193465370083
,0,1160,446,125049.033433237898862
,0,1161,503,154703.098159714107169
,0,1162,419,10189.917225382758261
,0,1163,446,1095.201618260534133
,0,1164,462,22380.210131484138401
,0,1165,455,6253.290380677434769
,0,1166,503,288590.954279507102910
,0,1167,446,554.708905894490158
,0,1168,450,80046.494366336177336
,0,1169,462,11269.746575847138956
,0,1170,446,30202.627678606542759
,0,1171,450,36364.035008431135793
,0,1172,446,18766.377551762769144
,0,1173,450,10096.069622230983441
,0,1174,462,69192.543884787286515
,0,1175,446,67851.891988168761600
,0,1176,503,168315.182993734400952
,0,1177,450,8135.747189016370612
,0,1178,462,22689.461406246013212
,0,1179,462,119634.052807702639257
,0,1180,411,12102.741576489130239
,0,1181,391,11717.947133232357373
,0,1182,465,85282.179706621391233
,0,1183,465,74780.893892198815593
,0,1184,391,44401.527132364280988
,0,1185,391,14428.100883616172723
,0,1186,465,56652.467748283350375
,0,1187,391,62852.718792477600800
,0,1188,372,56484.368932041099470
,0,1189,465,15067.732855778724115
,0,1190,372,32595.489817947276606
,0,1191,391,20569.754415921972395
,0,1192,391,8907.112435149419980
,0,1193,462,73124.677903898627847
,0,1194,372,80038.442453775263857
,0,1195,372,15931.789353240477794
,0,1196,372,1661.043340590761318
,0,1197,465,126881.496035991454846
,0,1198,462,48173.003591354005039
,0,1199,372,42026.932513479761838
,0,1200,465,41680.628921406620066
,0,1201,465,28725.912921536808426
,0,1202,389,499.491765807747129
,0,1203,465,189780.315112836164190
,0,1204,391,59957.874435184836329
,0,1205,465,34740.020918981666910
,0,1206,372,4804.157018317650000
,0,1207,465,56355.917989600158762
,0,1208,462,13586.929019961613449
,0,1209,465,101650.396817830609507
,0,1210,465,35788.720606246410171
,0,1211,372,42027.413185969875485
,0,1212,387,9052.604569523356986
,0,1213,380,49745.093798987734772
,0,1214,380,18036.806657855966478
,0,1215,387,3060.464390172806361
,0,1216,387,35889.111937426649092
,0,1217,387,29790.137015856693324
,0,1218,387,11994.822570246273244
,0,1219,389,4901.305621695271839
,0,1220,387,18295.164593256802618
,0,1221,387,4416.936437947606464
,0,1222,380,18394.425842447846662
,0,1223,387,36559.836726820940385
,0,1224,380,9684.005898869614612
,0,1225,387,8312.067739480651653
,0,1226,389,9477.084342922418728
,0,1227,380,24085.466812401260540
,0,1228,387,24919.847021133726230
,0,1229,387,35642.529264221760968
,0,1230,387,1677.442520099941021
,0,1231,389,31413.590754275624931
,0,1232,389,3837.081099354014896
,0,1233,380,3671.915035967956555
,0,1234,380,9411.661900513816363
,0,1235,380,38937.628081973227381
,0,1236,387,32769.325222677522106
,0,1237,343,607.648062730967354
,0,1238,387,6276.870933815590433
,0,1239,343,73244.183628062601201
,0,1240,364,36922.970574970175221
,0,1241,387,3969.476264321773215
,0,1242,387,8915.611021030179472
,0,1243,364,167660.787878601258853
,0,1244,343,16638.541552656402928
,0,1245,391,6243.836190036555308
,0,1246,364,56427.654861352697480
,0,1247,387,442.335650428772794
,0,1248,391,60478.009351957538456
,0,1249,387,5209.892099398667597
,0,1250,387,7355.960418874515199
,0,1251,387,47056.993923356079904
,0,1252,391,44625.897696374289808
,0,1253,387,11373.637249910609171
,0,1254,343,26707.888117840411724
,0,1255,343,17544.356688668598508
,0,1256,391,43619.662002679026045
,0,1257,364,136185.543127110431669
,0,1258,391,20425.076478975712234
,0,1259,387,2828.583122636119242
,0,1260,387,14981.386809995947260
,0,1261,387,47846.296876722772140
,0,1262,364,13382.002583799847343
,0,1263,364,8356.804790216003312
,0,1264,387,56189.549419149858295
,0,1265,387,46.881087889764736
,0,1266,364,20167.080910660424706
,0,1267,364,39037.177462277672021
,0,1268,387,9647.750773539752117
,0,1269,391,55972.265696569324064
,0,1270,418,1223.789564029863413
,0,1271,418,29845.698594460307504
,0,1272,418,3748.461300829029369
,0,1273,418,2228.765984131658570
,0,1274,407,12327.983368140670791
,0,1275,433,7466.173903369672189
,0,1276,421,31810.340307263868453
,0,1277,433,36916.494525392125070
,0,1278,418,6904.206517165332116
,0,1279,544,145083.710017366684042
,0,1280,545,340935.786281598382629
,0,1281,501,95033.811061065964168
,0,1282,501,36805.650415766634978
,0,1283,499,31795.912338408863434
,0,1284,501,393611.052689527161419
,0,1285,544,184708.484711681638146
,0,1286,501,34.156916638951813
,0,1287,501,232238.634659352595918
,0,1288,544,64907.338021876450512
,0,1289,544,182366.349248999526026
,0,1290,545,7962.087036027698559
,0,1291,545,95680.367042422600207
,0,1292,545,207356.896984401566442
,0,1293,493,82221.221058503826498
,0,1294,492,95179.923411042720545
,0,1295,474,193932.356876716541592
,0,1296,492,14767.289457180235331
,0,1297,493,26027.562976800028991
,0,1298,516,120686.646365130844060
,0,1299,493,14426.491372560491072
,0,1300,516,32790.226080406537221
,0,1301,492,50693.545103004325938
,0,1302,474,142476.247888950165361
,0,1303,474,9810.670267820962181
,0,1304,511,199672.736007169412915
,0,1305,474,698.058021945052587
,0,1306,493,204501.466231458471157
,0,1307,298,3385.373860376948414
,0,1308,308,10765.282622693113808
,0,1309,287,45693.922577988763805
,0,1310,290,56190.024777769154753
,0,1311,287,24398.410889472295821
,0,1312,443,5491.374757179997687
,0,1313,448,5237.121171310865975
,0,1314,448,9509.952206400779687
,0,1315,52,17795.412404338749184
,0,1316,52,43332.440528783597983
,0,1317,52,184428.643890354898758
,0,1318,52,188396.206151427468285
,0,1319,52,21669.708804672802216
,0,1320,52,50832.612979232253565
,0,1321,52,231450.467698600405129
,0,1322,52,181728.041858266777126
,0,1323,52,93577.216301023669075
,0,1324,52,77025.443502577298204
,0,1325,52,81776.675824151112465
,0,1326,31,747.967791404381046
,0,1327,38,174.669138610266259
,0,1328,54,390.463106639927730
,0,1329,206,92444.307594853846240
,0,1330,22,5076.732556935928187
,0,1331,64,18234.351072829689656
,0,1332,279,5008.781676073123890
,0,1333,468,70728.180371217094944