Rowid_,OBJECTID,IN_FID,NEAR_FID,NEAR_DIST
,0,0,54,155029.586372700025095
,0,1,54,410784.786567386414390
,0,2,54,564904.766455969307572
,0,3,54,971863.121927739353850
,0,4,54,563432.664257280528545
,0,5,54,232823.528267251240322
,0,6,54,915524.100514382240362
,0,7,54,517780.678202694398351
,0,8,54,736331.334653014666401
,0,9,54,700433.750403355457820
,0,10,54,700911.906803955207579
,0,11,54,152060.365547667723149
,0,12,54,304455.554977441905066
,0,13,54,205876.204322110745125
,0,14,54,730611.412429898045957
,0,15,54,907951.440190203953534
,0,16,54,638394.067504953127354
,0,17,54,601392.467732620076276
,0,18,54,587700.260716565418988
,0,19,54,246026.315479835902806
,0,20,54,317687.304231933667324
,0,21,54,679761.143848845153116
,0,22,54,824325.798484615981579
,0,23,54,662979.622641338966787
,0,24,54,237665.364464537677122
,0,25,54,392898.630969554884359
,0,26,54,870209.832848101272248
,0,27,54,846276.885126464185305
,0,28,54,614365.391656384919770
,0,29,54,857813.492042580503039
,0,30,54,892332.949288282892667
,0,31,54,764802.861160492757335
,0,32,54,266653.352520859043580
,0,33,54,933792.389893490006216
,0,34,54,986204.085561169311404
,0,35,54,1038152.569858623319305
,0,36,54,444446.461153357522562
,0,37,54,794335.292081231251359
,0,38,54,831794.952998812892474
,0,39,54,894768.133888907497749
,0,40,54,554929.547407702659257
,0,41,54,354496.618156917742454
,0,42,54,119372.220270678444649
,0,43,54,328032.156844803772401
,0,44,54,971233.596072886022739
,0,45,54,155523.258763145451667
,0,46,54,974137.483726161764935
,0,47,54,401000.169547191064339
,0,48,54,777877.595152822672389
,0,49,54,284085.843143813952338
,0,50,54,1086447.470443684142083
,0,51,54,1041550.817673915182240
,0,52,54,1548211.632818095386028
,0,53,54,1417699.906443206593394
,0,54,54,1705101.711564881261438
,0,55,54,1243667.915161118609831
,0,56,54,1495078.539522585226223
,0,57,54,1069261.648595223668963
,0,58,54,1329370.708035852992907
,0,59,54,1291453.664099743124098
,0,60,54,1578197.752354942727834
,0,61,54,780576.936221792129800
,0,62,54,1581087.081757185980678
,0,63,54,1320979.613253267249092
,0,64,54,1462378.563394194468856
,0,65,54,930429.813989609829150
,0,66,54,1687015.908945843577385
,0,67,54,1194148.282710288418457
,0,68,54,1251815.505341232055798
,0,69,54,1150440.659813446458429
,0,70,54,1226201.472381988540292
,0,71,54,1156369.194146716967225
,0,72,54,885783.094445029506460
,0,73,54,1483553.063561257440597
,0,74,54,1334664.598512457683682
,0,75,54,1385692.919786780606955
,0,76,54,1335435.420603250386193
,0,77,54,1141298.896207264624536
,0,78,54,1605092.586574099026620
,0,79,54,1125428.279119704617187
,0,80,54,1032364.404712204821408
,0,81,54,953252.057284299982712
,0,82,54,1216188.658114888938144
,0,83,54,942265.570902700186707
,0,84,54,765746.534183376235887
,0,85,54,852654.055272174533457
,0,86,54,1021592.102993371314369
,0,87,54,1031323.681747000082396
,0,88,54,973401.065843200311065
,0,89,54,1075012.026614077156410
,0,90,54,9970.965867212828016
,0,91,54,204481.561895154154627
,0,92,54,49573.621418519898725
,0,93,54,109932.747440742925392
,0,94,54,65920.622664181282744
,0,95,54,110424.712425720485044
,0,96,54,260089.306239337049192
,0,97,54,158032.097307748976164
,0,98,54,235527.581378930713981
,0,99,54,22788.598136650587549
,0,100,54,331500.851411865034606
,0,101,54,62079.704160677523760
,0,102,54,506213.643894351844210
,0,103,54,236149.648739175347146
,0,104,54,1016230.239660915452987
,0,105,54,55252.409374928764009
,0,106,54,552066.831384728313424
,0,107,54,55997.507918408198748
,0,108,54,739521.498557909857482
,0,109,54,47397.061120059086534
,0,110,54,604490.063260943512432
,0,111,54,948583.499629799393006
,0,112,54,247633.129877850442426
,0,113,54,812774.482779733021744
,0,114,54,603333.945736070279963
,0,115,54,399215.230177779681981
,0,116,54,581914.784650818677619
,0,117,54,665701.949267347576097
,0,118,54,431637.389169927570038
,0,119,54,376651.749974546022713
,0,120,54,638678.467813358060084
,0,121,54,160314.163322383479681
,0,122,54,168152.306516548938816
,0,123,54,82169.119259243714623
,0,124,54,732559.600738482200541
,0,125,54,871508.037598459282890
,0,126,54,721574.266244468744844
,0,127,54,553406.450951988692395
,0,128,54,135004.298858522321098
,0,129,54,10902.861002582509172
,0,130,54,562925.707241133786738
,0,131,54,662583.195979446405545
,0,132,54,447091.312115196255036
,0,133,54,150760.980080400506267
,0,134,54,857812.890490451827645
,0,135,54,989774.390280957217328
,0,136,54,699440.228054203093052
,0,137,54,597771.973303431877866
,0,138,54,237369.342626821598969
,0,139,54,496379.986673948995303
,0,140,54,525820.322381040081382
,0,141,54,646535.717220333172008
,0,142,54,281911.868226236547343
,0,143,54,686252.955941775464453
,0,144,54,635474.575663577299565
,0,145,54,601514.862612737109885
,0,146,54,293802.506993631715886
,0,147,54,538143.105276692076586
,0,148,54,618441.259169342694804
,0,149,54,395034.267196903121658
,0,150,54,258907.766407916729804
,0,151,54,303704.648066649271641
,0,152,54,421156.745521393488161
,0,153,54,849303.120278707821853
,0,154,54,282900.530265073059127
,0,155,54,34461.775493098444713
,0,156,54,253387.606120292737614
,0,157,54,33238.819635196639865
,0,158,54,916855.465150764444843
,0,159,54,802872.242614268092439
,0,160,54,323521.837412069260608
,0,161,54,343829.982033083855640
,0,162,54,488500.353494482114911
,0,163,54,642038.058310728985816
,0,164,54,862861.746926888707094
,0,165,18,7106.840649134469459
,0,166,54,894768.871515049831942
,0,167,54,390182.696930492122192
,0,168,54,405512.429015318048187
,0,169,54,708560.082121359999292
,0,170,54,667883.913003396126442
,0,171,54,562654.580071600852534
,0,172,54,475032.925787442130968
,0,173,54,489743.426994064648170
,0,174,54,515788.353754443291109
,0,175,54,700720.510972857708111
,0,176,54,45939.397596191425691
,0,177,54,649023.612219779519364
,0,178,54,146915.561505324963946
,0,179,54,762118.388297936995514
,0,180,54,654613.437565168016590
,0,181,54,391773.946402261266485
,0,182,54,55936.979890187023557
,0,183,54,174212.316222461668076
,0,184,54,296484.850668870552909
,0,185,54,491380.585499950160738
,0,186,54,333128.268455907469615
,0,187,54,96668.218982169550145
,0,188,54,358144.042778044298757
,0,189,54,239356.340790694172028
,0,190,54,68118.360741459851852
,0,191,54,320728.921105838322546
,0,192,54,348284.565700885315891
,0,193,54,166536.680073793453630
,0,194,54,121334.181328769976972
,0,195,54,966347.339492685277946
,0,196,54,585478.018106501316652
,0,197,54,626986.432775034569204
,0,198,54,525537.657306768116541
,0,199,54,150450.540391577669652
,0,200,54,753035.165602969005704
,0,201,19,1475.096393254128088
,0,202,54,277779.062210357864387
,0,203,54,79607.892315879784292
,0,204,54,952679.592716292245314
,0,205,54,214535.660777471144684
,0,206,54,903675.486613795976155
,0,207,54,635623.041322641423903
,0,208,54,342599.967115953331813
,0,209,54,532947.607371661695652
,0,210,54,8230.964615041621073
,0,211,54,587455.586846440914087
,0,212,54,818269.880699772853404
,0,213,54,454043.107739195518661
,0,214,54,596435.128145793685690
,0,215,54,780125.894189212005585
,0,216,54,436608.767134701600298
,0,217,54,382309.653527800051961
,0,218,54,310045.899116001732182
,0,219,54,49260.356017070669623
,0,220,54,78985.443927020780393
,0,221,54,122090.811381662773783
,0,222,54,55418.698045402401476
,0,223,54,140551.923020340444054
,0,224,54,188323.376226886670338
,0,225,10,4177.071717236253789
,0,226,1,21794.194962562105502
,0,227,54,45779.746483533468563
,0,228,54,59428.761746480959118
,0,229,54,354127.103695112862624
,0,230,54,208676.126818471180741
,0,231,54,114738.855796620904584
,0,232,54,320394.813003552553710
,0,233,54,337955.503659108420834
,0,234,54,283164.249619483132847
,0,235,54,358501.705062585358974
,0,236,54,198876.838722762855468
,0,237,54,151565.324759547336726
,0,238,54,26609.760990668855811
,0,239,54,83635.171059405576671
,0,240,54,145646.629922029766021
,0,241,54,40821.017125655940617
,0,242,54,136092.350569331232691
,0,243,54,212524.116747521242360
,0,244,54,78724.196684587674099
,0,245,54,178698.200973051629262
,0,246,54,154271.428390013723401
,0,247,54,98242.037335666434956
,0,248,54,82803.969863541657105
,0,249,54,198877.708245252928464
,0,250,54,15256.528642922019571
,0,251,54,281976.507508034934290
,0,252,54,289570.081244670785964
,0,253,54,148927.830575545551255
,0,254,54,352246.523783195589203
,0,255,54,703331.176748616271652
,0,256,54,833751.169425674364902
,0,257,54,795888.446847893414088
,0,258,54,880546.118857298512012
,0,259,54,266290.214549768134020
,0,260,54,460753.496958062867634
,0,261,54,778837.840131167089567
,0,262,54,367684.667838207213208
,0,263,54,771497.362608275841922
,0,264,54,191271.238328286533942
,0,265,54,540533.514620251720771
,0,266,54,156735.852796308841789
,0,267,54,131139.784151612722781
,0,268,54,824898.353516844799742
,0,269,54,751744.735069897491485
,0,270,54,699434.246924834093079
,0,271,54,211672.317051641788566
,0,272,54,415214.790650032926351
,0,273,54,29853.236174866891815
,0,274,54,107593.048024474570411
,0,275,54,1584974.077654877211899
,0,276,54,1118393.549637893214822
,0,277,54,1170609.738863122183830
,0,278,54,1161107.897041462361813
,0,279,54,1674834.990412947721779
,0,280,54,1394670.602567367954180
,0,281,54,1597567.086670449003577
,0,282,54,946665.835587255423889
,0,283,54,1396870.101213978836313
,0,284,54,740659.407884087762795
,0,285,54,1121140.915260330075398
,0,286,54,1002202.384869486442767
,0,287,54,1112069.379211509833112
,0,288,54,1411029.423138541635126
,0,289,54,1484022.583372495369986
,0,290,54,866219.747180871316232
,0,291,54,1245236.299754419829696
,0,292,54,1098494.742436116561294
,0,293,54,1333489.941754200262949
,0,294,54,1377488.807716582668945
,0,295,54,671833.082223083940335
,0,296,54,1342066.052163877757266
,0,297,54,1099494.132818824378774
,0,298,54,993439.330735012772493
,0,299,54,1090752.633598226588219
,0,300,54,815706.089935375493951
,0,301,54,673186.524696903652512
,0,302,54,733962.587538144784048
,0,303,54,1271228.888586992165074
,0,304,54,433251.712869041890372
,0,305,54,1036984.336905426578596
,0,306,54,988227.764265527832322
,0,307,54,1177756.817253635497764
,0,308,54,1264813.512372033437714
,0,309,54,1673266.765274588018656
,0,310,54,1182596.808612843276933
,0,311,54,541968.929948241682723
,0,312,54,198471.072773454972776
,0,313,54,1158739.827414150582626
,0,314,54,910308.946878527523950
,0,315,54,1378953.341261997586116
,0,316,54,561185.674194296472706
,0,317,54,860066.699186268728226
,0,318,54,931052.606712166569196
,0,319,54,1120326.857972095487639
,0,320,54,764678.603179791592993
,0,321,54,1144009.621362908743322
,0,322,54,1403263.169239354785532
,0,323,54,1272270.966293757315725
,0,324,54,1439649.768069068202749
,0,325,54,1280632.060920915566385
,0,326,54,1431161.212794817052782
,0,327,54,1125477.024346848484129
,0,328,54,1270083.764532842906192
,0,329,54,1204505.488690424477682
,0,330,54,948220.452385541866533
,0,331,54,949876.495024377247319
,0,332,54,945014.905600681900978
,0,333,54,566613.783272448112257
,0,334,54,1562230.340080546448007
,0,335,54,1293406.077923801494762
,0,336,54,1476788.531643304508179
,0,337,54,1418907.077499840175733
,0,338,54,1504554.677989506628364
,0,339,54,933351.452696485910565
,0,340,54,534817.461825849837624
,0,341,54,951648.047337695374154
,0,342,54,1482284.594783026725054
,0,343,54,1390211.790248504839838
,0,344,54,1351485.722281503025442
,0,345,54,1149488.966926210559905
,0,346,54,1344353.606690638232976
,0,347,54,1437802.102873057825491
,0,348,54,1059543.772308469749987
,0,349,54,1674983.113728618016466
,0,350,54,1132801.742270029848441
,0,351,54,936278.477368422085419
,0,352,54,1264151.420292538125068
,0,353,54,1040527.682737880735658
,0,354,54,1235567.934595908969641
,0,355,54,1398093.136554581345990
,0,356,54,926958.457721602520905
,0,357,54,1357541.618479214608669
,0,358,54,1192605.970746765844524
,0,359,54,1096393.145486219786108
,0,360,54,676262.343755138805136
,0,361,54,1557777.385858173947781
,0,362,54,1257128.316802856279537
,0,363,54,1199200.489812383195385
,0,364,54,1085763.569224292412400
,0,365,54,1405082.402103214757517
,0,366,54,1040963.170876186457463
,0,367,54,478622.528491855773609
,0,368,54,595406.694205765030347
,0,369,54,1155994.042379176244140
,0,370,54,1015539.457080790889449
,0,371,54,1390508.584404228720814
,0,372,54,1266212.327353710774332
,0,373,54,1364915.105931494152173
,0,374,54,138714.975452788406983
,0,375,54,988715.208245442598127
,0,376,54,421861.395095541665796
,0,377,54,1194332.662103296723217
,0,378,54,1336809.136530726216733
,0,379,54,1132867.383460055571049
,0,380,54,33331.756261393013119
,0,381,54,419846.081613832036965
,0,382,54,1251942.968465792248026
,0,383,54,555499.589295865618624
,0,384,54,1246397.868867284851149
,0,385,54,73675.277116190452944
,0,386,54,355097.742483267385978
,0,387,54,262799.523904669273179
,0,388,54,59578.283020347349520
,0,389,54,122899.919323288573651
,0,390,54,508033.070875523379073
,0,391,54,209965.080802301643416
,0,392,54,1061129.404468015301973
,0,393,54,622359.615843367995694
,0,394,54,670176.300373131991364
,0,395,54,855090.822415035218000
,0,396,54,591376.559096102486365
,0,397,54,1012801.888226634473540
,0,398,54,473640.629068296984769
,0,399,54,1079874.463717610575259
,0,400,54,107959.727540576379397
,0,401,54,105606.383743809317821
,0,402,54,390862.397734108788427
,0,403,54,567726.879333168966696
,0,404,54,758021.879441830213182
,0,405,54,544689.352653805864975
,0,406,54,548764.881448516855016
,0,407,54,447598.800946357834619
,0,408,54,269718.322104002465494
,0,409,54,436307.326503412157763
,0,410,54,33858.608054436757811
,0,411,54,723641.906416941783391
,0,412,54,567960.229443228687160
,0,413,54,37349.366560249793110
,0,414,54,473947.262827332189772
,0,415,54,284056.872876775916666
,0,416,54,637863.169575126259588
,0,417,54,363406.699647239933256
,0,418,54,154613.734305783727905
,0,419,54,659043.787729704985395
,0,420,54,448161.724021614296362
,0,421,54,103996.006597638363019
,0,422,54,231383.898171788809123
,0,423,54,641296.103384491871111
,0,424,54,408392.161843983689323
,0,425,54,335000.024412384082098
,0,426,54,41330.516075255218311
,0,427,54,91726.309348986949772
,0,428,54,1661.136853405698730
,0,429,45,18433.162515801017435
,0,430,54,1418.626547069438857
,0,431,54,740618.336225289385766
,0,432,54,1018080.766524744336493
,0,433,54,41438.345805526303593
,0,434,54,531178.796447261585854
,0,435,54,342031.050338420434855
,0,436,54,222802.624617637251504
,0,437,54,242616.225469520344632
,0,438,54,696113.561395143857226
,0,439,54,131154.304283894249238
,0,440,54,352660.745075724786147
,0,441,54,90998.795194477541372
,0,442,54,193013.001891353982501
,0,443,54,76605.642533040270791
,0,444,54,232191.240104595577577
,0,445,54,725855.053803407005034
,0,446,54,54480.881236675675609
,0,447,54,433028.854296298639383
,0,448,54,94384.040411725523882
,0,449,54,198266.992568557703635
,0,450,54,308020.407494497136213
,0,451,54,123544.448900593401049
,0,452,54,105706.361608584047644
,0,453,52,8213.228981913198368
,0,454,54,161849.376853719673818
,0,455,54,72773.456214993711910
,0,456,54,146887.003741353022633
,0,457,54,230846.581879831734113
,0,458,54,30764.317890824942879
,0,459,54,62556.685778225903050
,0,460,54,68219.357140552587225
,0,461,54,1070892.131041168002412
,0,462,54,856563.084933834150434
,0,463,54,860638.066777905332856
,0,464,54,708140.107236241223291
,0,465,54,920907.282267767470330
,0,466,54,713327.196976699982770
,0,467,54,1132027.243418073747307
,0,468,54,639163.179931512684561
,0,469,54,686605.957781882490963
,0,470,54,817977.625250558950938
,0,471,54,1005774.792050345102325
,0,472,54,666063.663713144487701
,0,473,54,847206.221472156816162
,0,474,54,1097679.355735052376986
,0,475,54,1063912.425622707698494
,0,476,54,1084448.782859563594684
,0,477,54,879586.650226138415746
,0,478,54,864432.491800437564962
,0,479,54,927042.433132066624239
,0,480,54,1065006.977456053951755
,0,481,54,1026706.038909827708267
,0,482,54,927985.580882681533694
,0,483,54,719945.379551944788545
,0,484,54,682203.084343423834071
,0,485,54,1097129.712334705749527
,0,486,54,690753.236965502495877
,0,487,54,1138464.488838052377105
,0,488,54,1064599.349985282169655
,0,489,54,1113225.030508730327711
,0,490,54,743830.920383570832200
,0,491,54,1019515.448083790251985
,0,492,54,983631.602965945727192
,0,493,54,847539.494402295560576
,0,494,54,1102714.970259726513177
,0,495,54,658983.684781084884889
,0,496,54,999088.573852789588273
,0,497,54,14445.739139118259118
,0,498,54,53990.704349113082571
,0,499,54,212611.762422788626282
,0,500,54,192235.636778855870944
,0,501,54,191528.584410547220614
,0,502,54,141569.171755310089793
,0,503,54,103693.686340591651970
,0,504,54,96561.549184790201252
,0,505,54,20103.113513753753068
,0,506,54,6901.475564403162025
,0,507,54,119401.373737025962328
,0,508,54,68335.678946436382830
,0,509,54,204739.169479189993581
,0,510,54,1113.108303774784872
,0,511,54,22220.054602950542176
,0,512,54,26491.491517048943933
,0,513,54,13630.045417271949191
,0,514,54,290391.460634263290558
,0,515,54,436669.019120581331663
,0,516,54,228260.441627080028411
,0,517,54,274508.656303998955991
,0,518,54,221727.533094481972512
,0,519,54,370547.017575155419763
,0,520,54,313994.094360972172581
,0,521,54,257644.312208843475673
,0,522,54,26326.217989483506244
,0,523,54,50294.204580215948226
,0,524,54,430296.272384981333744
,0,525,54,183895.081209354364546
,0,526,54,241949.023861563415267
,0,527,54,63000.518019331531832
,0,528,54,203790.922525446250802
,0,529,54,274027.705215912894346
,0,530,54,247434.660320010181749
,0,531,54,130712.224412078969181
,0,532,54,55044.489799809809483
,0,533,54,181747.301422231364995
,0,534,54,84195.931740150525002
,0,535,54,50501.532146166100574
,0,536,54,226914.011684343073284
,0,537,54,147269.366668991831830
,0,538,54,132117.123213849030435
,0,539,54,35546.304837207397213
,0,540,54,158642.867966160149081
,0,541,54,197404.949160020798445
,0,542,54,104235.734652637213003
,0,543,54,27277.681425655853673
,0,544,54,202188.947632023453480
,0,545,54,1598109.952232148731127
,0,546,54,1322709.867372446926311
,0,547,54,1101866.829428417608142
,0,548,54,698243.232560562086292
,0,549,54,796003.758352005155757
,0,550,54,865532.264435631572269
,0,551,54,1113222.041285339510068
,0,552,54,1324371.624502567574382
,0,553,54,1591794.890344899613410
,0,554,54,551803.043243539053947
,0,555,54,1499580.185435715364292
,0,556,54,1682368.072884692577645
,0,557,54,1599354.823210693197325
,0,558,54,822676.175433417898603
,0,559,54,927257.404310282203369
,0,560,54,768987.582521340576932
,0,561,54,1738625.296763715567067
,0,562,54,1123705.430783342570066
,0,563,54,917419.211450266768225
,0,564,54,1195647.215024426812306
,0,565,54,1347768.913635999895632
,0,566,54,703748.473002352518961
,0,567,54,1483490.331693950807676
,0,568,54,617410.707777243922465
,0,569,54,1223902.784447740763426
,0,570,54,666497.695714346016757
,0,571,54,352641.534118060139008
,0,572,54,890553.453591882134788
,0,573,54,110228.837180486720172
,0,574,54,398516.444514759059530
,0,575,54,56849.319268981940695
,0,576,54,568322.852831819676794
,0,577,54,489706.480237290845253
,0,578,54,701956.638282747589983
,0,579,54,986057.035432625911199
,0,580,54,1256186.390607970533893
,0,581,54,1097996.901012339163572
,0,582,54,1398786.078734039794654
,0,583,54,1499094.004699494689703
,0,584,54,251868.473043838137528
,0,585,54,1001674.383457633084618
,0,586,54,1321945.122992409858853
,0,587,54,935304.124745858833194
,0,588,54,1502732.669958143960685
,0,589,54,1584407.582234296016395
,0,590,54,483885.619053937320132
,0,591,54,786525.216254759812728
,0,592,54,675246.515187286771834
,0,593,54,553587.817238974268548
,0,594,54,1550176.293017247458920
,0,595,54,200205.875117789255455
,0,596,54,1216739.798052203375846
,0,597,54,715228.347197673516348
,0,598,54,744897.685927351238206
,0,599,54,1643550.598101247102022
,0,600,54,869971.254535626620054
,0,601,54,1130570.918388134101406
,0,602,54,1603489.159757664892823
,0,603,54,756970.965408231830224
,0,604,54,1537819.697604525601491
,0,605,54,1029639.095325922244228
,0,606,54,819174.307121220277622
,0,607,54,1648558.282376265153289
,0,608,54,1700572.697525027906522
,0,609,54,1683873.451896845130250
,0,610,54,799899.898332985932939
,0,611,54,1693288.694085770519450
,0,612,54,1266897.954841099679470
,0,613,54,1195938.997083886060864
,0,614,54,1127281.832516980124637
,0,615,54,787627.551408881670795
,0,616,54,607075.351381417596713
,0,617,54,1616464.301815481623635
,0,618,54,1095999.772484983550385
,0,619,54,945041.330899646622129
,0,620,54,533547.484588010003790
,0,621,54,1047446.852200908237137
,0,622,54,462024.205301278503612
,0,623,54,1642399.186923493631184
,0,624,54,925217.140287870308384
,0,625,54,1081294.190948524046689
,0,626,54,1597375.705958307487890
,0,627,54,333444.595965750399046
,0,628,54,1135222.906290009152144
,0,629,54,1400290.266889513703063
,0,630,54,750891.805442274897359
,0,631,54,1349911.314810275100172
,0,632,54,22961.423687876300392
,0,633,54,42386.892024978667905
,0,634,54,29315.640867938152951
,0,635,54,118622.159795141022187
,0,636,54,198043.807186406163964
,0,637,54,89008.299617086842773
,0,638,54,233412.103225527709583
,0,639,54,220892.181855236151023
,0,640,54,14802.222149667430131
,0,641,54,70196.250007333554095
,0,642,54,161029.295455890998710
,0,643,54,90464.531245427249814
,0,644,54,31402.554163553588296
,0,645,54,147744.813188986736350
,0,646,54,60333.112485406381893
,0,647,54,1150.274255238223077
,0,648,54,79641.333649256179342
,0,649,54,8833.706343673331503
,0,650,54,71221.965113913436653
,0,651,54,626933.542926470167004
,0,652,54,236447.492580710502807
,0,653,54,174703.651451097452082
,0,654,54,480405.387539161136374
,0,655,54,282466.315362965804525
,0,656,54,16255.020274857621189
,0,657,54,321168.627181110903621
,0,658,54,53984.692724057873420
,0,659,54,279893.735845920804422
,0,660,54,424011.598657614551485
,0,661,54,143434.276406587363454
,0,662,54,562220.092879478936084
,0,663,54,54513.858754655804660
,0,664,54,261138.533245394617552
,0,665,54,496640.814004889049102
,0,666,54,376720.233702983241528
,0,667,54,176821.144724128680537
,0,668,54,321548.302389971679077
,0,669,54,380585.535006400488783
,0,670,54,388021.525780028721783
,0,671,54,503035.533579793467652
,0,672,54,474657.426579007238615
,0,673,54,9683.166749820058612
,0,674,54,602889.515459869755432
,0,675,54,343356.146953346324153
,0,676,54,243996.809181740711210
,0,677,54,469848.683355239976663
,0,678,54,303297.597216565918643
,0,679,54,1314822.840855751652271
,0,680,54,1235780.938089630566537
,0,681,54,817851.034261666820385
,0,682,54,1166835.015958748757839
,0,683,54,932810.888987642596476
,0,684,54,1051371.183298923540860
,0,685,54,916555.575549423694611
,0,686,54,423378.265627838554792
,0,687,54,1038087.867328419466503
,0,688,54,357992.088473180367146
,0,689,54,1509088.041558899916708
,0,690,54,687673.228377342573367
,0,691,54,493289.260091814270709
,0,692,54,625337.877679056255147
,0,693,54,1384409.611217888537794
,0,694,54,521952.376975285820663
,0,695,54,1146896.142017157049850
,0,696,54,778426.325582010555081
,0,697,54,971161.176146908430383
,0,698,54,1000942.687909963424318
,0,699,54,949780.554448112379760
,0,700,54,600925.275453757843934
,0,701,54,814009.094271169276908
,0,702,54,1205083.215052555082366
,0,703,54,670663.960173992440104
,0,704,54,1133822.572513354942203
,0,705,54,801181.488363397773355
,0,706,54,1090697.091791277751327
,0,707,54,364.225314018962649
,0,708,54,10281.648073494990967
,0,709,54,351931.415015241072979
,0,710,54,23604.771549744527874
,0,711,54,282540.288811469101347
,0,712,54,208184.710586459696060
,0,713,54,192450.859706791001372
,0,714,54,36948.793327867686457
,0,715,54,327721.691082874429412
,0,716,54,234831.640051879425300
,0,717,54,271132.726953930279706
,0,718,54,60721.114901145316253
,0,719,54,484009.704105443903245
,0,720,54,843744.424188178498298
,0,721,54,398819.152357142826077
,0,722,54,478602.082370982447173
,0,723,54,605968.477189200231805
,0,724,54,207717.450291320943506
,0,725,54,834838.415004663984291
,0,726,54,389876.963201832957566
,0,727,54,507232.029730041627772
,0,728,54,325568.695982133736834
,0,729,54,650833.590137486113235
,0,730,54,582611.717793289688416
,0,731,54,270858.484756019664928
,0,732,54,341086.316203687572852
,0,733,54,740079.532748035504483
,0,734,54,538713.065368404146284
,0,735,54,628552.493953787139617
,0,736,54,958326.541720764362253
,0,737,54,975901.629962382488884
,0,738,54,571077.064900160999969
,0,739,54,822264.740455500897951
,0,740,54,492320.025353191886097
,0,741,54,179200.023914905352285
,0,742,54,785484.902726022293791
,0,743,54,592394.904848603997380
,0,744,54,453313.862804782809690
,0,745,54,738832.610923705855384
,0,746,54,574256.586953418212943
,0,747,54,716873.308104027877562
,0,748,54,629906.980418738326989
,0,749,54,87116.575504754422582
,0,750,54,99158.749033937696368
,0,751,54,206201.249631362588843
,0,752,54,135699.715908787213266
,0,753,54,101099.585637576325098
,0,754,54,734559.723838308127597
,0,755,54,140455.473749590135412
,0,756,54,303803.839109553839080
,0,757,54,479693.735348071262706
,0,758,54,694248.962049759575166
,0,759,54,432107.327723339723889
,0,760,54,800870.870888908277266
,0,761,54,24298.071977744897595
,0,762,54,262039.314070661726873
,0,763,54,442851.150443929131143
,0,764,54,27914.340940723424865
,0,765,54,133980.172475692495937
,0,766,54,306182.840173155069351
,0,767,54,134970.325693660444813
,0,768,54,293718.811702062608674
,0,769,54,42646.042408379347762
,0,770,54,26102.136693493634084
,0,771,54,52003.143012136875768
,0,772,54,909.614605624150272
,0,773,54,241316.604094931797590
,0,774,54,627510.407165763550438
,0,775,54,657936.139096396043897
,0,776,54,447679.093965845706407
,0,777,54,490041.238017528958153
,0,778,54,546886.009084085701033
,0,779,54,503520.224876826512627
,0,780,54,477072.643848369305488
,0,781,54,522112.912598222726956
,0,782,54,834347.812292889109813
,0,783,54,1124777.109278720105067
,0,784,54,949570.048228206695057
,0,785,54,846815.891617266461253
,0,786,54,564081.532383390702307
,0,787,54,398023.690760950848926
,0,788,54,355066.354928068059962
,0,789,54,775942.826615425059572
,0,790,54,1064452.998868350172415
,0,791,54,483786.541847383428831
,0,792,54,549407.118822984513827
,0,793,54,188537.052704431436723
,0,794,54,632182.014703437103890
,0,795,54,694806.717260763049126
,0,796,54,884575.098392796819098
,0,797,54,404735.718968631175812
,0,798,54,493084.625320833525620
,0,799,54,776885.932197489426471
,0,800,54,971286.269941136823036
,0,801,54,1008597.328314890153706
,0,802,54,847872.861642890609801
,0,803,54,878022.752976816496812
,0,804,54,149155.890079128876096
,0,805,54,685729.615760310553014
,0,806,54,1076538.246798484353349
,0,807,54,596405.075263738282956
,0,808,54,278369.215296706242952
,0,809,54,335444.797743759409059
,0,810,54,350978.041509687609505
,0,811,54,45571.477200990477286
,0,812,54,202682.343443458608817
,0,813,54,538796.025541164330207
,0,814,54,1020769.400844150572084
,0,815,54,718959.430572399753146
,0,816,54,328579.552068491815589
,0,817,54,668087.375126752187498
,0,818,54,748140.653471626108512
,0,819,54,603226.237833406426944
,0,820,54,363502.715743381471839
,0,821,54,301447.532339715631679
,0,822,54,772030.619337883079425
,0,823,54,653565.189327255822718
,0,824,54,923926.739191618165933
,0,825,54,228277.963543304824270
,0,826,54,237418.947229270095704
,0,827,54,606407.654685861896724
,0,828,54,102163.075468301976798
,0,829,54,538715.572312565287575
,0,830,54,495141.813110101735219
,0,831,54,202295.304221498488914
,0,832,54,724843.037832071888261
,0,833,54,674661.383471242384985
,0,834,54,396752.857019130722620
,0,835,54,177454.207159136713017
,0,836,54,472248.275375832396094
,0,837,54,339383.031277786067221
,0,838,54,493087.093450658197980
,0,839,54,491817.931531897629611
,0,840,54,615768.664364251773804
,0,841,54,255170.307503294723574
,0,842,54,109130.555197576177306
,0,843,54,33291.402353239223885
,0,844,54,559589.277975701028481
,0,845,54,417168.212457681132946
,0,846,54,375984.097278702247422
,0,847,54,517184.355388152238447
,0,848,54,449039.333289164293092
,0,849,54,15272.676849631012374
,0,850,54,494009.868455310177524
,0,851,54,329598.889846732723527
,0,852,54,594104.930810832651332
,0,853,54,462762.971045379759744
,0,854,54,78764.768355410953518
,0,855,54,653765.704481435590424
,0,856,54,412683.082318603061140
,0,857,54,167836.197916490258649
,0,858,54,215296.582599462562939
,0,859,54,40569.310748815478291
,0,860,54,169579.770290516462410
,0,861,54,40081.744976170863083
,0,862,54,702061.160116477403790
,0,863,54,674237.352485724375583
,0,864,54,394972.705380976083688
,0,865,54,862064.814061876386404
,0,866,54,146750.137146968540037
,0,867,54,808237.367681699455716
,0,868,54,1001705.297059476259165
,0,869,54,857397.780433387262747
,0,870,54,487719.846155429782812
,0,871,54,897634.242331793298945
,0,872,54,794727.349108641385101
,0,873,54,216410.833153094834415
,0,874,54,672736.601574469706975
,0,875,54,989957.805016056750901
,0,876,54,426235.012293108156882
,0,877,54,304702.783762835082598
,0,878,54,999621.524873386137187
,0,879,54,195824.532639138429658
,0,880,54,33019.016476261655043
,0,881,54,397449.267561341752298
,0,882,54,19924.507843134626455
,0,883,54,384757.474127288383897
,0,884,54,82625.534817830135580
,0,885,54,917478.889712734147906
,0,886,54,1005224.609436110709794
,0,887,54,802940.068790554767475
,0,888,54,646631.420821227482520
,0,889,54,729151.813112720497884
,0,890,54,756067.943041529040784
,0,891,54,879161.548795667244121
,0,892,54,707075.272039911942557
,0,893,54,705087.881507605430670
,0,894,54,761951.207713665789925
,0,895,54,688373.682992890360765
,0,896,54,984572.894634420517832
,0,897,54,582606.005722326110117
,0,898,54,970296.248494871659204
,0,899,54,725147.036274997168221
,0,900,54,1033895.381725155864842
,0,901,54,627817.146184433251619
,0,902,54,847777.614747260347940
,0,903,54,895464.705201442469843
,0,904,54,562427.514617261360399
,0,905,54,350065.970105967833661
,0,906,54,859361.407254599267617
,0,907,54,426986.449757023307029
,0,908,54,598697.375610913382843
,0,909,54,628656.515855086967349
,0,910,54,248345.096225526969647
,0,911,54,220744.036157676513540
,0,912,54,663871.444753256277181
,0,913,54,669838.402534811873920
,0,914,54,670181.963951149955392
,0,915,54,947106.847286288393661
,0,916,54,403636.365322061290499
,0,917,54,536898.131794232409447
,0,918,54,379008.543870037363376
,0,919,54,746374.079870221670717
,0,920,54,476420.085446905344725
,0,921,54,410748.387529102619737
,0,922,54,797136.560411495738663
,0,923,54,1107931.740526790497825
,0,924,54,1141882.918406019685790
,0,925,54,1325697.348940194584429
,0,926,54,1183548.667734970804304
,0,927,54,1418983.502706951694563
,0,928,54,820102.529470631619915
,0,929,54,1415975.443045497173443
,0,930,54,1157662.506907872855663
,0,931,54,1255127.189103455515578
,0,932,54,1627025.970374264521524
,0,933,54,947884.121730224462226
,0,934,54,1263883.589131624205038
,0,935,54,1614475.480424490990117
,0,936,54,1434006.704876862000674
,0,937,54,1244277.870140612125397
,0,938,54,1324180.690069517353550
,0,939,54,1071866.702980857575312
,0,940,54,1442018.219389464240521
,0,941,54,1007730.286698630428873
,0,942,54,824640.132688675541431
,0,943,54,1358626.134239950450137
,0,944,54,1581983.038755075773224
,0,945,54,1626371.387616715393960
,0,946,54,937499.575028998544440
,0,947,54,1677605.617279685335234
,0,948,54,765801.427522157086059
,0,949,54,1734476.775649957358837
,0,950,54,840252.762814872083254
,0,951,54,1675784.628469778457657
,0,952,54,1444406.377000637119636
,0,953,54,1012439.139976169099100
,0,954,54,1109563.516774263000116
,0,955,54,928458.433568135020323
,0,956,54,1223797.076908785151318
,0,957,54,1448769.696776595432311
,0,958,54,1002648.233341004233807
,0,959,54,1176752.618658497231081
,0,960,54,1576309.002978733973578
,0,961,54,1330123.402285323012620
,0,962,54,1050782.026893680449575
,0,963,54,1647045.980459201382473
,0,964,54,1028566.354492176906206
,0,965,54,940414.714123449055478
,0,966,54,1547030.673901840578765
,0,967,54,1185554.223035850096494
,0,968,54,1185554.223035850096494
,0,969,54,65486.297511286124063
,0,970,54,1206260.584876407170668
,0,971,54,1111507.653288563014939
,0,972,54,1471212.120363476919010
,0,973,54,474654.376408918295056
,0,974,54,718637.393142901943065
,0,975,54,296548.576694212737493
,0,976,54,1047890.830897119361907
,0,977,54,547929.137565402430482
,0,978,54,443295.440588670375291
,0,979,54,308512.732229840476066
,0,980,54,387257.671379613981117
,0,981,54,347689.365091973508243
,0,982,54,282735.724679769133218
,0,983,54,1551843.217683997470886
,0,984,54,174206.716087798704393
,0,985,54,190556.464414334390312
,0,986,54,255998.384031980735017
,0,987,54,33233.160252262612630
,0,988,54,1254095.578550477745011
,0,989,54,271131.996575959317852
,0,990,54,11799.284218900333144
,0,991,54,266840.094064054836053
,0,992,54,395164.472289499652106
,0,993,54,324577.746912948845420
,0,994,54,441174.619877912977245
,0,995,54,133151.894581565022236
,0,996,54,405419.699315157718956
,0,997,54,284574.057336715806741
,0,998,54,320775.769399210112169
,0,999,54,29817.481747863977944
,0,1000,54,752781.765515227918513
,0,1001,54,778619.996922756894492
,0,1002,54,78839.544486764658359
,0,1003,54,200247.246499666827731
,0,1004,54,483932.188750498986337
,0,1005,54,41471.574458099516050
,0,1006,54,68022.649113149484037
,0,1007,54,169568.203000501409406
,0,1008,54,458851.416080856637564
,0,1009,54,589577.104432953754440
,0,1010,54,529190.086039266083390
,0,1011,54,203602.401790274569066
,0,1012,54,47299.337257049512118
,0,1013,54,167050.848864091531141
,0,1014,54,154123.811660753766773
,0,1015,54,512992.104633239156101
,0,1016,54,79497.858889441718929
,0,1017,54,670957.074012681609020
,0,1018,54,15047.623816939596509
,0,1019,54,282444.723955346911680
,0,1020,54,558240.059782475931570
,0,1021,54,150718.125563995592529
,0,1022,54,67968.178248157011694
,0,1023,54,282764.461432319891173
,0,1024,54,140875.285310292441864
,0,1025,54,414649.058455488644540
,0,1026,54,242182.949539077992085
,0,1027,54,72984.743765519961016
,0,1028,54,131518.077067921636626
,0,1029,54,1060404.906903896015137
,0,1030,54,957043.973748923046514
,0,1031,54,989048.973085929290392
,0,1032,54,964958.286433087429032
,0,1033,54,1086436.466137850191444
,0,1034,54,1010791.528528336551972
,0,1035,54,945142.264011983876117
,0,1036,54,1002772.613657044479623
,0,1037,54,1009719.083754344959743
,0,1038,54,1012489.451964973006397
,0,1039,54,911585.541626238380559
,0,1040,54,1040330.836119202780537
,0,1041,54,1118623.222826370038092
,0,1042,54,1127033.819236849900335
,0,1043,54,1050901.240962043870240
,0,1044,54,1018830.120956211467274
,0,1045,54,930696.623159310896881
,0,1046,54,1209561.540814498439431
,0,1047,54,778100.444699696730822
,0,1048,54,891901.745926603092812
,0,1049,54,953349.168306722072884
,0,1050,54,831147.096183895599097
,0,1051,54,1107725.959888926241547
,0,1052,54,914584.468731971923262
,0,1053,54,1190243.346686945063993
,0,1054,54,942235.349281258531846
,0,1055,54,1162412.518030750332400
,0,1056,54,1071389.711586696095765
,0,1057,54,1185881.792668648064137
,0,1058,54,1140280.448631389532238
,0,1059,54,1028985.908713792799972
,0,1060,54,1010039.466522469883785
,0,1061,54,1028114.514441578532569
,0,1062,54,1059844.874193760333583
,0,1063,54,751692.099947065231390
,0,1064,54,813380.535009428043850
,0,1065,54,853863.132887912797742
,0,1066,54,1069412.144035391043872
,0,1067,54,743902.998625374864787
,0,1068,47,162504.191025527281454
,0,1069,51,6639.841453007317796
,0,1070,54,254344.628208814538084
,0,1071,54,214895.858849225216545
,0,1072,54,183143.819093494064873
,0,1073,54,556040.911069443565793
,0,1074,54,17407.511830185550934
,0,1075,54,144114.310285596380709
,0,1076,54,168675.924774146114942
,0,1077,54,582896.144023566273972
,0,1078,54,738562.010363323264755
,0,1079,54,601974.654801324359141
,0,1080,54,147577.216369134112028
,0,1081,54,525326.650159970624372
,0,1082,54,153964.622095807106234
,0,1083,54,745380.146967563196085
,0,1084,54,773093.012284015887417
,0,1085,54,25757.168378951319028
,0,1086,54,673153.776227353257127
,0,1087,54,434989.516560381627642
,0,1088,54,93102.205242944692145
,0,1089,54,786374.488842454622500
,0,1090,54,217558.181717466766713
,0,1091,54,201146.510892656573560
,0,1092,54,220360.147554773866432
,0,1093,54,284263.551275715522934
,0,1094,54,514860.348855845688377
,0,1095,54,921485.345216733985581
,0,1096,54,836487.680673881899565
,0,1097,54,5790.837259203874964
,0,1098,54,480444.643871366803069
,0,1099,54,860425.599247925216332
,0,1100,54,1066202.213641234906390
,0,1101,54,333860.426720795338042
,0,1102,54,412914.855212531576399
,0,1103,54,98135.022001375866239
,0,1104,54,255204.873783493210794
,0,1105,54,194823.126225966901984
,0,1106,54,90146.130224137028563
,0,1107,54,1021228.634414908243343
,0,1108,54,570860.966138440999202
,0,1109,54,20237.166424248254771
,0,1110,54,40038.679382559268561
,0,1111,54,737932.062262624851428
,0,1112,54,389513.554750846466050
,0,1113,54,359685.032802531728521
,0,1114,54,969875.328033987549134
,0,1115,54,932075.658095458871685
,0,1116,54,892383.682195891626179
,0,1117,54,669671.534683192847297
,0,1118,54,586847.945531099569052
,0,1119,54,877741.649298144620843
,0,1120,54,245842.443484865885694
,0,1121,54,974228.295385137433186
,0,1122,54,655228.151110880426131
,0,1123,54,237497.674084527970990
,0,1124,54,57718.534944086015457
,0,1125,54,280800.542374647222459
,0,1126,54,316205.799234933045227
,0,1127,54,33816.709306876524352
,0,1128,54,930742.304619391332380
,0,1129,54,584719.776261418708600
,0,1130,54,1067948.560070150764659
,0,1131,54,302439.050438841455616
,0,1132,54,315953.982144704903476
,0,1133,54,314440.621527015115134
,0,1134,54,254270.423164004751015
,0,1135,54,927235.887717756559141
,0,1136,54,662557.164667960256338
,0,1137,54,923594.431982820038684
,0,1138,54,193927.293046842096373
,0,1139,54,244033.572450794774340
,0,1140,54,332222.867432940052822
,0,1141,54,3124.926255071145988
,0,1142,54,339443.575546838692389
,0,1143,54,416076.202012034249492
,0,1144,54,183554.522713038779330
,0,1145,54,189536.647882055462105
,0,1146,54,364081.050132278876845
,0,1147,54,83666.339671860536328
,0,1148,54,69433.544209763655090
,0,1149,54,47138.814326795167290
,0,1150,54,255090.192124871391570
,0,1151,54,23484.065324514176609
,0,1152,54,414721.067210047622211
,0,1153,54,40547.706125910255651
,0,1154,54,918737.435326065169647
,0,1155,54,1486744.146499232621863
,0,1156,54,1447200.245815573958680
,0,1157,54,1164437.913909932365641
,0,1158,54,961073.363440860412084
,0,1159,54,670723.926493902108632
,0,1160,54,1058424.390032434370369
,0,1161,54,1314601.044375860830769
,0,1162,54,652272.363935671513900
,0,1163,54,883572.781924576731399
,0,1164,54,749122.339325036155060
,0,1165,54,1206016.463173205032945
,0,1166,54,1434605.411681748693809
,0,1167,54,1102798.742516310187057
,0,1168,54,873797.968065491411835
,0,1169,54,811487.873251555953175
,0,1170,54,1064901.589426031801850
,0,1171,54,781932.895001504686661
,0,1172,54,1087240.453200082294643
,0,1173,54,753528.805408483138308
,0,1174,54,910550.382868089596741
,0,1175,54,952219.710006830515340
,0,1176,54,1129109.155758659355342
,0,1177,54,631629.687360242940485
,0,1178,54,991283.552308408077806
,0,1179,54,817599.383867337019183
,0,1180,54,625123.615842519677244
,0,1181,54,572262.914276004652493
,0,1182,54,797601.815399837680161
,0,1183,54,833157.712601872510277
,0,1184,54,638256.675909850280732
,0,1185,54,669681.165980019257404
,0,1186,54,960049.333905034582131
,0,1187,54,663171.539214864023961
,0,1188,54,591028.782339537865482
,0,1189,54,971045.804661758826114
,0,1190,54,572813.000466616591439
,0,1191,54,614531.203269355930388
,0,1192,54,588012.048604719573632
,0,1193,54,695100.953178356750868
,0,1194,54,601872.916801055078395
,0,1195,54,537919.096307028084993
,0,1196,54,475894.906129630166106
,0,1197,54,786778.608756500412710
,0,1198,54,888050.455867513315752
,0,1199,54,575175.714422024087980
,0,1200,54,952069.459900340065360
,0,1201,54,720208.797797158942558
,0,1202,54,563997.544406328815967
,0,1203,54,785859.029461867292412
,0,1204,54,676388.679444426321425
,0,1205,54,902228.033945232513361
,0,1206,54,566461.160329597420059
,0,1207,54,751052.141740831080824
,0,1208,54,946042.866297999746166
,0,1209,54,657597.746316827717237
,0,1210,54,1004815.880683626281098
,0,1211,54,629384.803214154089801
,0,1212,54,251468.379143445810769
,0,1213,54,172197.058346669102320
,0,1214,54,163863.672847552574240
,0,1215,54,80679.215164368622936
,0,1216,54,271857.476937576895580
,0,1217,54,359454.139973558951169
,0,1218,54,163431.427395418140804
,0,1219,54,576915.549249159637839
,0,1220,54,484542.986354607506655
,0,1221,54,348396.694173325086012
,0,1222,54,234079.541850287903799
,0,1223,54,72518.600810120289680
,0,1224,54,86453.701545703617739
,0,1225,54,548275.403946185600944
,0,1226,54,554678.076181845623069
,0,1227,54,424318.001198477169964
,0,1228,54,193699.883094785211142
,0,1229,54,428740.735550843121018
,0,1230,54,515780.442003004194703
,0,1231,54,533744.419714021147229
,0,1232,54,571751.436552064376883
,0,1233,54,440302.652889672608580
,0,1234,54,13820.382195442794909
,0,1235,54,317687.306909747305326
,0,1236,54,226349.951769460516516
,0,1237,54,802.910666621158725
,0,1238,54,254084.632140664267354
,0,1239,54,73244.019238320077420
,0,1240,54,105669.495925068447832
,0,1241,54,76236.139433010743232
,0,1242,54,275421.935056637623347
,0,1243,54,185801.841818513727048
,0,1244,54,17460.006368736845616
,0,1245,54,568491.510976154124364
,0,1246,54,321679.280346676940098
,0,1247,54,166571.215465419605607
,0,1248,54,532853.258103079628199
,0,1249,54,581770.132000973098911
,0,1250,54,488432.001014398352709
,0,1251,54,400949.525336607825011
,0,1252,54,592732.495964555419050
,0,1253,54,50157.052695976599352
,0,1254,54,28818.694341523183539
,0,1255,54,18451.791958222620451
,0,1256,54,563758.312173064332455
,0,1257,54,384283.859623501251917
,0,1258,54,552761.458123621065170
,0,1259,54,195874.759838672471233
,0,1260,54,458995.292301488283556
,0,1261,54,231055.344449478259776
,0,1262,54,397692.279923725640401
,0,1263,54,450337.344949469785206
,0,1264,54,504262.692965934984386
,0,1265,54,503633.152177340700291
,0,1266,54,357745.783802400925197
,0,1267,54,439327.109702806686983
,0,1268,54,214448.291124449955532
,0,1269,54,520776.338028186175507
,0,1270,54,1192.211744406846947
,0,1271,54,30314.271231901584542
,0,1272,54,7573.520221936143571
,0,1273,54,6640.235537357916655
,0,1274,31,11818.868218910669384
,0,1275,54,12238.223768842899517
,0,1276,54,79855.704218684855732
,0,1277,54,59196.667386093133246
,0,1278,54,7214.131861884579848
,0,1279,54,145454.443561093910830
,0,1280,54,392732.419307189120445
,0,1281,54,395638.179043930431362
,0,1282,54,940976.061400256352499
,0,1283,54,48038.965393466722162
,0,1284,54,513255.584546273224987
,0,1285,54,184715.638864710461348
,0,1286,54,611380.035892855376005
,0,1287,54,447942.481491362850647
,0,1288,54,67289.178615902812453
,0,1289,54,182253.046476398245431
,0,1290,54,47619.028538815080537
,0,1291,54,258992.673013313033152
,0,1292,54,655773.362796261440963
,0,1293,54,981693.597309266217053
,0,1294,54,95229.625172256477526
,0,1295,54,409130.569362240086775
,0,1296,54,16181.521983578430081
,0,1297,54,1012330.315724233165383
,0,1298,54,447184.567896994762123
,0,1299,54,588651.902973322663456
,0,1300,54,327937.755473486497067
,0,1301,54,50869.793255745877104
,0,1302,54,159106.491477382689482
,0,1303,54,262948.650942219770513
,0,1304,54,646813.008712607435882
,0,1305,54,2028.791612751646426
,0,1306,54,756428.169123444240540
,0,1307,54,14678.609655210506389
,0,1308,25,10275.273072153668181
,0,1309,54,119623.893916363100288
,0,1310,54,59170.128992040125013
,0,1311,54,29285.206030459459726
,0,1312,54,5608.842797535887257
,0,1313,54,24485.036132089386228
,0,1314,54,10181.405887637714841
,0,1315,13,18076.384949499348295
,0,1316,13,43307.412623841679306
,0,1317,13,184640.952960161725059
,0,1318,13,188305.522261726175202
,0,1319,13,21853.089746266155998
,0,1320,13,51018.559752765715530
,0,1321,13,231450.183613912027795
,0,1322,13,181727.928862278786255
,0,1323,13,93577.554122179397382
,0,1324,13,79663.460871396091534
,0,1325,13,81776.135091334537719
,0,1326,4,888.199584093596286
,0,1327,13,418502.579442474991083
,0,1328,14,516.854458105671824
,0,1329,20,354736.738776841317303
,0,1330,2,5189.917539020928416
,0,1331,15,18290.741928457373433
,0,1332,23,5072.178028893269584
,0,1333,39,72265.655041766702197