Rowid_,OBJECTID,IN_FID,NEAR_FID,NEAR_DIST
,0,0,29,216907.289930925238878
,0,1,31,360105.115494430938270
,0,2,31,283134.405456605192740
,0,3,54,436580.551628689398058
,0,4,31,314869.646734347334132
,0,5,29,400772.794149487221148
,0,6,31,441388.358027130248956
,0,7,30,542806.049243564601056
,0,8,31,425721.061752901121508
,0,9,31,512601.009870374749880
,0,10,31,284911.741939511848614
,0,11,29,178826.802370553312358
,0,12,30,359499.635630632867105
,0,13,29,276397.957347991818096
,0,14,31,238601.023375017422950
,0,15,31,415359.480307597026695
,0,16,31,478218.742228700604755
,0,17,31,419656.604876620345749
,0,18,31,134282.307182279415429
,0,19,29,279103.589357913413551
,0,20,31,284622.250189622398466
,0,21,31,190554.962723198521417
,0,22,31,331736.229387601313647
,0,23,31,191662.118131509225350
,0,24,28,247004.913145640952280
,0,25,28,369876.367570565664209
,0,26,31,455947.243378421640955
,0,27,31,420529.578506417747121
,0,28,31,164146.695390463515650
,0,29,31,408254.593647560977843
,0,30,31,408862.672253710916266
,0,31,31,489767.246820975735318
,0,32,29,605687.411275222199038
,0,33,31,444944.916797866404522
,0,34,54,393699.158482371596619
,0,35,54,431543.538639217498712
,0,36,30,563411.777804322307929
,0,37,31,326722.792265233059879
,0,38,54,533152.496754266903736
,0,39,54,496280.061170870030764
,0,40,27,488621.793350075720809
,0,41,30,359797.428433690918609
,0,42,28,202094.512583129195264
,0,43,30,398155.693804657203145
,0,44,54,426191.663668274588417
,0,45,28,152823.057288864656584
,0,46,54,441742.229054842377082
,0,47,31,92941.946772800161853
,0,48,31,319858.517414861591533
,0,49,31,335744.447270105534699
,0,50,54,175328.975858885969501
,0,51,54,367745.322881008789409
,0,52,54,339569.785928444878664
,0,53,54,246484.733156053640414
,0,54,54,682716.936251364764757
,0,55,54,17946.183299478212575
,0,56,54,382764.405360596661922
,0,57,54,220756.942262143042171
,0,58,54,424619.117925426515285
,0,59,54,62860.324937820863852
,0,60,54,815364.417634024866857
,0,61,27,389571.024878139549401
,0,62,54,892514.327186442795210
,0,63,54,116628.715003674675245
,0,64,54,530450.996260132873431
,0,65,31,494686.037352855724748
,0,66,54,805758.764830448431894
,0,67,54,106812.001638978574192
,0,68,54,156120.062627306528157
,0,69,54,121293.122737683879677
,0,70,54,158767.287298738548998
,0,71,54,112325.715538551041391
,0,72,31,565290.378126410185359
,0,73,54,225706.290551108977525
,0,74,54,121136.506225250908756
,0,75,54,132436.843621848325711
,0,76,54,149943.047019006160554
,0,77,54,242245.670570830174256
,0,78,54,553322.780121886287816
,0,79,54,434610.175882929645013
,0,80,54,234937.279128581023542
,0,81,54,619272.439812426804565
,0,82,54,127259.519038461789023
,0,83,54,427627.977793102152646
,0,84,27,393805.352453657833394
,0,85,27,459219.795182591129560
,0,86,54,592561.240630210959353
,0,87,54,358445.991134295763914
,0,88,54,362258.110779167269357
,0,89,54,295294.615234125405550
,0,90,30,481288.534695609938353
,0,91,30,367963.902295997948386
,0,92,45,488164.231435366382357
,0,93,30,341762.724058853345923
,0,94,30,299868.517667383013759
,0,95,29,713072.660141646279953
,0,96,30,425085.607709593023174
,0,97,30,177255.260078880557558
,0,98,30,325681.928127896215301
,0,99,45,461486.943148490623571
,0,100,45,502345.357234876428265
,0,101,45,410981.655549980583601
,0,102,45,435021.152709938585758
,0,103,45,238991.704856843571179
,0,104,54,272317.702741368673742
,0,105,43,310994.798099904262926
,0,106,45,177291.797742393944645
,0,107,43,353298.186991395661607
,0,108,26,214847.554921457252931
,0,109,45,368067.541156096558552
,0,110,45,218363.469908293074695
,0,111,54,326548.885764933482278
,0,112,45,147112.641516300674994
,0,113,26,349421.832899032859132
,0,114,45,243885.715070825361181
,0,115,45,53930.723170396297064
,0,116,45,190620.419994993804721
,0,117,26,204268.693351166963112
,0,118,45,67393.568067465195782
,0,119,45,203747.338720694766380
,0,120,45,263696.728810921369586
,0,121,45,325561.737193032633513
,0,122,45,314990.671717512886971
,0,123,43,318505.187852170201950
,0,124,45,561167.822969274013303
,0,125,54,475993.353726556524634
,0,126,26,246429.946757892234018
,0,127,45,280382.765698944742326
,0,128,45,279604.173108933609910
,0,129,45,402222.210225554823410
,0,130,45,193730.347579528752249
,0,131,45,322827.621834187535569
,0,132,45,129308.918074804925709
,0,133,45,299729.182593777659349
,0,134,54,430960.709911909245420
,0,135,54,360369.068503477785271
,0,136,26,213920.526352694898378
,0,137,46,54295.655978439659521
,0,138,46,314960.549141397641506
,0,139,46,68148.524463933747029
,0,140,46,460274.506604530964978
,0,141,46,518332.049603802734055
,0,142,46,280111.468472959764767
,0,143,46,231999.549522789777257
,0,144,46,100220.476430711758439
,0,145,46,504374.349441276805010
,0,146,46,254686.288233707426116
,0,147,46,134397.344650078099221
,0,148,46,362559.331236909667496
,0,149,46,174772.279796080198139
,0,150,46,312020.070594970369712
,0,151,45,224320.522468649636721
,0,152,43,494012.540284463670105
,0,153,40,343321.975480865803547
,0,154,43,372500.281424722052179
,0,155,43,203044.400495247100480
,0,156,45,241728.688278254528996
,0,157,43,251003.578329079231480
,0,158,41,174192.667742895893753
,0,159,40,551449.135578265879303
,0,160,43,379362.056128037394956
,0,161,45,364018.269367498927750
,0,162,45,440382.619953580142464
,0,163,26,266313.012546729063615
,0,164,40,184040.049625924963038
,0,165,43,81663.230131834046915
,0,166,41,133954.583679221716011
,0,167,43,411119.425221284793224
,0,168,45,334827.559754417452496
,0,169,46,604571.004426117637195
,0,170,26,300322.079105437558610
,0,171,43,597037.867535431985743
,0,172,45,349090.524666571291164
,0,173,46,527351.929057984263636
,0,174,46,490672.138231441669632
,0,175,40,455905.945209849916864
,0,176,43,107165.572059886995703
,0,177,46,554897.009462391142733
,0,178,43,154024.568480866582831
,0,179,40,657067.023821058450267
,0,180,26,239048.507852216454921
,0,181,46,470729.745952519937418
,0,182,42,400329.213473040261306
,0,183,42,492479.751042838906869
,0,184,45,299554.930636560020503
,0,185,46,376831.978149666683748
,0,186,43,436041.471081641444471
,0,187,43,292155.838140452513471
,0,188,45,309503.624046526965685
,0,189,43,279618.884071586246137
,0,190,43,332965.276550874928944
,0,191,45,406896.269569326832425
,0,192,43,400382.695783072442282
,0,193,43,333858.663856587605551
,0,194,43,188254.752729254309088
,0,195,41,129772.997299210619531
,0,196,46,554671.376469518872909
,0,197,40,410632.211686559778173
,0,198,46,367676.098004658764694
,0,199,43,348559.329731685342267
,0,200,40,506508.189936557726469
,0,201,43,200471.190887861652300
,0,202,43,355549.028224362118635
,0,203,43,260923.750612181087490
,0,204,41,81848.800300668386626
,0,205,43,248908.323040156741627
,0,206,40,135327.880129171942826
,0,207,46,640364.227743163821287
,0,208,43,422754.952451725839637
,0,209,43,553968.163511473336257
,0,210,43,246920.664445578993764
,0,211,45,257292.329854884359520
,0,212,41,185934.776517843420152
,0,213,45,149007.753615972906118
,0,214,45,385814.357997444341891
,0,215,40,247321.774450824537780
,0,216,45,510249.998500094516203
,0,217,45,431512.599741603189614
,0,218,46,478667.741906071954872
,0,219,43,63661.391417870516307
,0,220,43,193546.482313951477408
,0,221,29,358459.588631528953556
,0,222,29,125212.161583680921467
,0,223,29,234312.935689341858961
,0,224,29,562455.778787500108592
,0,225,35,15065.535441679414362
,0,226,36,29870.509043362832017
,0,227,3,485682.688552549574524
,0,228,3,182243.527330835786415
,0,229,3,356491.066362777666654
,0,230,3,208979.335382606775966
,0,231,1,509288.614481400465593
,0,232,3,336834.073957435146440
,0,233,3,421235.084649667784106
,0,234,3,613755.343584677786566
,0,235,3,357838.670352582412306
,0,236,3,483126.416786551126279
,0,237,3,559548.760539876064286
,0,238,1,778853.580357908038422
,0,239,3,149242.405863763706293
,0,240,1,844995.024218146689236
,0,241,3,336227.975688556500245
,0,242,3,396168.838299093244132
,0,243,3,553152.942697389167733
,0,244,3,757919.277640384389088
,0,245,3,350138.148850615660194
,0,246,3,281562.522899254399817
,0,247,3,388394.018658268381841
,0,248,3,492944.272176483820658
,0,249,1,485227.234659070905764
,0,250,1,370674.594905332603958
,0,251,1,782581.951091879513115
,0,252,3,785953.037144517060369
,0,253,3,845938.017231077770703
,0,254,3,835690.929352761362679
,0,255,51,493555.780214980419260
,0,256,14,222240.753559193253750
,0,257,14,309740.895998934924137
,0,258,14,119303.092152212033398
,0,259,51,327313.692419327329844
,0,260,15,376360.419846481701825
,0,261,51,512150.634913922403939
,0,262,15,322810.130938305461314
,0,263,14,368321.289707407704554
,0,264,52,94362.890578168327920
,0,265,15,537550.095371783128940
,0,266,51,274325.754073920426890
,0,267,51,398012.398066914698575
,0,268,14,479359.388630211760756
,0,269,14,198103.947376554395305
,0,270,14,380955.175751266884618
,0,271,51,132789.305859084619442
,0,272,51,202743.444483982806560
,0,273,51,360911.081108117650729
,0,274,51,258885.901955518696923
,0,275,54,516509.314300410915166
,0,276,26,278563.129341905645560
,0,277,26,310170.854698982497212
,0,278,34,490796.354424095072318
,0,279,54,581850.388923680176958
,0,280,54,239204.682367763947695
,0,281,54,706861.727051717112772
,0,282,14,48359.116504541379982
,0,283,54,356638.179619068570901
,0,284,51,482048.680279090767726
,0,285,14,255583.972094584605657
,0,286,14,108629.324513402461889
,0,287,40,127331.102204145150608
,0,288,14,531187.025307909818366
,0,289,14,632092.443730788771063
,0,290,14,251973.569807973253774
,0,291,41,361775.632492508273572
,0,292,14,696921.069102849811316
,0,293,14,487507.338437542610336
,0,294,54,484212.568440507282503
,0,295,52,455399.550201369449496
,0,296,14,565648.747131244046614
,0,297,40,320673.125099341443274
,0,298,14,145994.429759976890637
,0,299,41,135626.338183542073239
,0,300,52,781070.346666924888268
,0,301,52,427404.002498293353710
,0,302,51,447643.439420662296470
,0,303,54,160909.148609084135387
,0,304,53,459062.566658182593528
,0,305,14,131939.721401562128449
,0,306,40,363440.032042663486209
,0,307,41,184967.316082896024454
,0,308,34,554836.635159354424104
,0,309,54,588127.855579273076728
,0,310,40,607535.520515868673101
,0,311,52,340942.610695016861428
,0,312,52,132214.394965285813669
,0,313,41,223273.338398485124344
,0,314,52,682217.915216753026471
,0,315,41,383143.703507321537472
,0,316,52,393801.807444815116469
,0,317,52,595743.788758811773732
,0,318,34,336164.708980595110916
,0,319,34,403752.050192459835671
,0,320,52,547419.948607902042568
,0,321,26,284491.531906838936266
,0,322,41,500677.966635657998268
,0,323,26,404167.856404280231800
,0,324,54,536429.208546023117378
,0,325,54,236285.023058933584252
,0,326,41,638547.067609886405990
,0,327,34,586259.186269382596947
,0,328,40,682817.945828560157679
,0,329,54,233405.442039408866549
,0,330,52,754045.650074450415559
,0,331,52,913839.797908931039274
,0,332,34,738430.487844011629932
,0,333,52,449654.272652444313280
,0,334,54,597660.002401922130957
,0,335,54,340960.980810357898008
,0,336,54,430391.509187669260427
,0,337,54,455574.351379846106283
,0,338,41,622471.463126050890423
,0,339,52,792610.419553720275871
,0,340,52,307204.135312268044800
,0,341,51,669975.224188768770546
,0,342,54,518972.281605682859663
,0,343,54,205498.038841454021167
,0,344,40,509613.247281740535982
,0,345,14,483072.931626387115102
,0,346,54,197548.962696816626703
,0,347,41,496732.229461657523643
,0,348,34,698049.755395191838033
,0,349,54,518255.576788112171926
,0,350,14,359319.902070071606431
,0,351,14,367339.463001392548904
,0,352,14,715643.085639376193285
,0,353,14,692813.642022541607730
,0,354,14,347970.328679554804694
,0,355,54,410129.400729833520018
,0,356,14,563388.082313473103568
,0,357,14,453699.586008448211942
,0,358,26,333875.267372533504386
,0,359,26,253141.248298482911196
,0,360,52,500159.066316560434643
,0,361,41,617761.474877187632956
,0,362,14,445908.850285105057992
,0,363,40,175945.878573441092158
,0,364,41,87475.096976293440093
,0,365,41,435672.456188508542255
,0,366,40,18280.399998667297041
,0,367,52,321205.264842165575828
,0,368,51,309908.090576066402718
,0,369,34,696667.278339372249320
,0,370,40,691093.287608430371620
,0,371,14,633230.675296515342779
,0,372,40,473361.566888082306832
,0,373,40,343017.880407557997387
,0,374,52,154350.948558058007620
,0,375,40,527471.349461898207664
,0,376,51,135877.249735599092674
,0,377,40,508521.572132751869503
,0,378,41,687471.017715764930472
,0,379,26,264407.766836551483721
,0,380,52,311015.478682952467352
,0,381,52,295274.649466608592775
,0,382,14,355215.737582293280866
,0,383,52,292663.176712744869292
,0,384,34,578720.866488378145732
,0,385,52,245794.903609379951376
,0,386,49,518639.054041047056671
,0,387,49,344238.589715230977163
,0,388,49,443526.075388395984191
,0,389,49,182259.975663143588463
,0,390,49,355872.161832838668488
,0,391,49,313595.251153866702225
,0,392,34,557955.795488631818444
,0,393,49,403492.841767232399434
,0,394,49,573323.150502242497168
,0,395,49,665296.354298424790613
,0,396,49,329819.078097344725393
,0,397,34,602665.653004791820422
,0,398,49,329271.131010062061250
,0,399,34,477564.405350316432305
,0,400,49,744198.345370488357730
,0,401,32,692035.909949399530888
,0,402,47,422065.077258894976694
,0,403,33,129204.099560226823087
,0,404,50,294232.228353364451323
,0,405,33,146563.387812009401387
,0,406,32,382258.694964390073437
,0,407,33,170294.828045066999039
,0,408,48,230393.883035657810979
,0,409,33,21955.907540525735385
,0,410,32,285552.370044412906282
,0,411,50,80858.201310237403959
,0,412,50,241175.744809824973345
,0,413,47,141686.579188935575075
,0,414,50,576736.642099301330745
,0,415,48,147257.393286812672159
,0,416,50,250185.219261241960339
,0,417,32,56362.552090739714913
,0,418,48,26480.644344112097315
,0,419,50,403294.259080151212402
,0,420,33,281254.190752717026044
,0,421,32,263716.857217683107592
,0,422,47,250731.671552704414353
,0,423,32,348383.402396294462960
,0,424,33,377726.421064364316408
,0,425,32,519597.438682398467790
,0,426,32,355356.291284555336460
,0,427,32,301215.920142457005568
,0,428,3,238701.310517341684317
,0,429,3,1089936.874360161367804
,0,430,3,427583.471719540713821
,0,431,25,764125.115550074493513
,0,432,27,1178503.353708990151063
,0,433,25,892404.933947035344318
,0,434,25,714963.214150633779354
,0,435,25,453951.984112638456281
,0,436,25,939227.163491698331200
,0,437,25,543606.655876452685334
,0,438,24,1116828.544469567714259
,0,439,25,204040.377782044350170
,0,440,25,369213.713181320927106
,0,441,24,674065.545983413234353
,0,442,25,950012.436819140915759
,0,443,25,429410.350159391353372
,0,444,24,676206.973154646228068
,0,445,25,1072914.510871738661081
,0,446,25,56140.399498620608938
,0,447,25,1078781.706046559847891
,0,448,25,350387.573430964781437
,0,449,20,430792.666946427954827
,0,450,25,435464.438854663341772
,0,451,20,265560.688870673766360
,0,452,20,187067.022428047406720
,0,453,25,256446.580343547218945
,0,454,20,333466.279359109583311
,0,455,20,322861.311514995293692
,0,456,25,292613.874354746309109
,0,457,25,375997.319161081511993
,0,458,20,125790.030617085387348
,0,459,20,79157.660942063346738
,0,460,25,241023.476656908111181
,0,461,34,515134.083863724430557
,0,462,46,461352.778569802874699
,0,463,46,319251.983461982395966
,0,464,46,161071.433743407338625
,0,465,34,143975.799012986972230
,0,466,46,512623.209482937352732
,0,467,34,315389.307721747551113
,0,468,34,216937.021498079964658
,0,469,46,214900.389201792422682
,0,470,34,303701.440806236234494
,0,471,34,253489.455003788636532
,0,472,46,491311.463717932580039
,0,473,34,88097.716568664036458
,0,474,34,452817.588148122769780
,0,475,34,497019.361468815070111
,0,476,34,643408.778819008264691
,0,477,34,658899.313386938069016
,0,478,46,616675.110221929033287
,0,479,34,616252.969055338879116
,0,480,34,286052.460721520066727
,0,481,34,581545.333735811407678
,0,482,34,610683.203171860310249
,0,483,46,243818.711689641379053
,0,484,46,158098.605324717151234
,0,485,34,527216.954035146394745
,0,486,34,256150.410118337633321
,0,487,34,401787.943805450282525
,0,488,34,552899.019626469817013
,0,489,40,702188.788301876862533
,0,490,46,329974.468532829487231
,0,491,34,403454.909245009475853
,0,492,40,653483.428050815127790
,0,493,34,187902.407995477493387
,0,494,34,389034.407034041825682
,0,495,46,410170.318830096221063
,0,496,46,462842.887113610981032
,0,497,8,42655.290188546714489
,0,498,13,125909.358228752345894
,0,499,13,254672.318899353820598
,0,500,8,249285.956492445169715
,0,501,8,227862.149921618402004
,0,502,8,176686.961294335516868
,0,503,8,137513.920364510762738
,0,504,13,203936.319188764231512
,0,505,13,123730.669317695210339
,0,506,8,138508.662653571984265
,0,507,7,145889.877680609264644
,0,508,8,105053.243388431961648
,0,509,7,233990.042785835306859
,0,510,4,131690.346344644203782
,0,511,7,114502.923871976934606
,0,512,4,114938.438904702605214
,0,513,7,73568.310935583256651
,0,514,13,319403.861891422537155
,0,515,5,235117.865842977480497
,0,516,7,264293.432865472510457
,0,517,13,321878.323545083520003
,0,518,8,286644.559024737332948
,0,519,13,383373.631709830253385
,0,520,8,353970.836459474638104
,0,521,13,277454.363759157073218
,0,522,7,169553.170206081558717
,0,523,7,93225.524765897265752
,0,524,5,280352.380810370552354
,0,525,13,239276.679719121573726
,0,526,13,267383.468946716166101
,0,527,7,99327.104177438799525
,0,528,4,267699.559751154039986
,0,529,13,287035.895926457480527
,0,530,7,271919.069216187810525
,0,531,16,263446.749411772005260
,0,532,13,117577.237185107835103
,0,533,13,196156.605370805686107
,0,534,13,102333.261163653078256
,0,535,16,345672.318090246757492
,0,536,13,256571.840242857288104
,0,537,13,288576.818015730648767
,0,538,13,156400.871184212737717
,0,539,13,258083.774026876111748
,0,540,13,190048.023889476142358
,0,541,13,236783.366434075869620
,0,542,13,246490.753796323697316
,0,543,13,67901.261789393523941
,0,544,13,213627.207080687308917
,0,545,54,679660.436510328901932
,0,546,14,454441.735260923160240
,0,547,14,199248.102237502753269
,0,548,14,280061.558131104800850
,0,549,14,112921.888016389697441
,0,550,14,54720.743512352521066
,0,551,14,208004.674567081383429
,0,552,14,606002.642860096064396
,0,553,12,824919.039267443818972
,0,554,14,358017.711661427514628
,0,555,14,735774.999089219374582
,0,556,54,589684.686948265414685
,0,557,14,752783.612078739330173
,0,558,14,430879.227455672516953
,0,559,14,189113.712393776862882
,0,560,14,402594.883763467660174
,0,561,54,540897.724910779623315
,0,562,14,456748.842443221074063
,0,563,14,390734.003698150452692
,0,564,14,293203.765950997476466
,0,565,14,442964.231011093244888
,0,566,14,209722.854805371112889
,0,567,12,733875.690037928521633
,0,568,14,303887.312771492404863
,0,569,14,320592.019209536840208
,0,570,14,239455.704366821184522
,0,571,27,614490.261297145509161
,0,572,27,267787.558109224832151
,0,573,28,607315.600400329683907
,0,574,28,345355.497633757477161
,0,575,28,317317.296758202079218
,0,576,27,531236.904090838041157
,0,577,27,147618.592869226733455
,0,578,31,484429.251673166116234
,0,579,27,364811.003772954281885
,0,580,27,642298.911199002293870
,0,581,27,800506.393710288102739
,0,582,27,774049.132964286021888
,0,583,27,872511.004966601612978
,0,584,27,540944.516872081439942
,0,585,27,423742.647220850805752
,0,586,54,680171.408402503235266
,0,587,27,303339.729078643547837
,0,588,54,796323.734720923705027
,0,589,12,890333.842666247626767
,0,590,27,201113.873696871276479
,0,591,27,295042.368682156782597
,0,592,27,466056.208567608671729
,0,593,27,488460.331788101524580
,0,594,27,918123.474843436619267
,0,595,28,375523.550319505913649
,0,596,27,584741.897608002647758
,0,597,27,110779.781328809011029
,0,598,27,502038.379307981289458
,0,599,12,696529.506777325063013
,0,600,27,346356.047007804561872
,0,601,27,543810.545584163977765
,0,602,14,813510.794133941759355
,0,603,27,653128.667767848353833
,0,604,12,903722.458067877683789
,0,605,27,524071.949107133958023
,0,606,31,493477.868414272437803
,0,607,14,836147.996287306188606
,0,608,12,742790.863735721795820
,0,609,12,769998.053239044267684
,0,610,31,547636.752182685188018
,0,611,12,749209.435008665663190
,0,612,27,673724.089882276253775
,0,613,27,617081.178651576046832
,0,614,27,523518.220876361650880
,0,615,27,460064.623582903936040
,0,616,27,324549.990716411615722
,0,617,12,769964.899957303772680
,0,618,27,523958.390206724056043
,0,619,27,509465.390201858710498
,0,620,27,273792.480467827466782
,0,621,54,609904.868290470913053
,0,622,27,294189.353256274946034
,0,623,12,740122.555469717364758
,0,624,27,409706.238604268350173
,0,625,27,596900.197336196666583
,0,626,12,844607.393867681385018
,0,627,28,279246.955802213225979
,0,628,27,599460.800057496060617
,0,629,27,797668.566294556832872
,0,630,27,814159.158287805621512
,0,631,27,788558.262912228587084
,0,632,29,66259.408841006326838
,0,633,29,38924.217337590831448
,0,634,28,303752.812430232297629
,0,635,28,214091.965966315096011
,0,636,28,166608.889640085544670
,0,637,28,71835.449633586860728
,0,638,28,232112.888262902386487
,0,639,28,169560.406603662820999
,0,640,28,89256.252613755801576
,0,641,28,119772.116229032311821
,0,642,28,105389.912885885511059
,0,643,16,138074.521029610652477
,0,644,16,167790.573009787767660
,0,645,16,176482.638861886836821
,0,646,16,140094.677183117775712
,0,647,16,277101.362468350387644
,0,648,16,184843.798461369471624
,0,649,16,186920.667977125296602
,0,650,16,250123.659131649881601
,0,651,5,297937.741861735761631
,0,652,16,74984.590868820319884
,0,653,16,134045.846965620177798
,0,654,6,369865.148975217307452
,0,655,16,263284.902727195119951
,0,656,16,212568.864310952747473
,0,657,16,263912.402929901320022
,0,658,16,149383.254078263766132
,0,659,16,159400.086692551092710
,0,660,16,278448.551680183270946
,0,661,16,62024.668137024695170
,0,662,16,381126.588919573579915
,0,663,16,308222.717767864407506
,0,664,16,99501.211639077911968
,0,665,16,348685.962230760022067
,0,666,16,314433.874713479424827
,0,667,16,288295.657069821783807
,0,668,16,319246.004677171295043
,0,669,16,344850.273181758762803
,0,670,16,296563.434016637504101
,0,671,6,375589.329346464830451
,0,672,16,310744.482943918730598
,0,673,16,277719.847666986170225
,0,674,5,356949.407020058366470
,0,675,16,324744.416137384425383
,0,676,16,248497.496199070388684
,0,677,16,283829.058944950113073
,0,678,16,205860.512543959484901
,0,679,6,547175.903484479407780
,0,680,10,422011.086259770672768
,0,681,5,147142.192088229843648
,0,682,6,894716.524287311709486
,0,683,6,271468.632957848079968
,0,684,5,388681.593144350976218
,0,685,6,202792.031752869457705
,0,686,5,272795.331666963815223
,0,687,6,282566.670094553846866
,0,688,5,339432.654369887546636
,0,689,10,695103.008726347703487
,0,690,5,188037.927300513809314
,0,691,5,337554.808294641959947
,0,692,5,119509.266039763999288
,0,693,10,808240.569778748904355
,0,694,5,159064.008537282265024
,0,695,6,394641.841635001474060
,0,696,5,280727.853847761929501
,0,697,6,201523.393543063080870
,0,698,6,307366.360379969701171
,0,699,6,203384.429074553219834
,0,700,5,329836.421497698407620
,0,701,6,286843.354078818403650
,0,702,6,437277.689105172757991
,0,703,5,295530.308687593671493
,0,704,6,389743.290700648620259
,0,705,3,1080893.431135972263291
,0,706,5,499344.601151482085697
,0,707,4,87883.987867081596050
,0,708,4,91209.495584644304472
,0,709,5,382549.889899516536389
,0,710,2,78114.431142465124140
,0,711,4,348596.734565422462765
,0,712,2,294525.661660537181888
,0,713,4,289876.854763523500878
,0,714,2,91164.332713467229041
,0,715,2,453553.731793852872215
,0,716,4,298504.516940273402724
,0,717,1,340364.480864704179112
,0,718,11,141724.710138489259407
,0,719,15,457795.450761193234939
,0,720,10,311159.398007291834801
,0,721,9,126737.860472669053706
,0,722,9,240152.068312404968310
,0,723,9,226439.387794028560165
,0,724,21,322129.523137192591093
,0,725,9,449861.755793993943371
,0,726,9,171457.934776201203931
,0,727,9,184357.869309775356669
,0,728,9,131687.051268524461193
,0,729,12,456192.397450838878285
,0,730,9,329241.254284464172088
,0,731,9,161970.193406760547077
,0,732,23,354894.552429557370488
,0,733,12,358358.545522016240284
,0,734,9,483753.884315519477241
,0,735,9,356978.969033918634523
,0,736,12,475514.549056926625781
,0,737,9,549639.106180782895535
,0,738,9,199032.079459850734565
,0,739,12,312443.324643854110036
,0,740,9,414045.997114344441798
,0,741,21,300890.374990936717950
,0,742,12,428476.019275561266113
,0,743,9,309882.499239172495436
,0,744,9,348843.002773606625851
,0,745,9,309052.858583777386229
,0,746,10,272320.467686121410225
,0,747,12,396172.730416296806652
,0,748,9,215038.887648550909944
,0,749,23,331478.887704503489658
,0,750,23,104054.914604655525181
,0,751,21,331918.810003827093169
,0,752,23,292301.286639624915551
,0,753,21,227957.638051125541097
,0,754,9,367402.315386892703827
,0,755,23,116964.620978843799094
,0,756,15,386087.738521176972426
,0,757,9,79425.431951506630867
,0,758,9,332341.497649728960823
,0,759,9,178982.475562024541432
,0,760,12,297731.158054009312764
,0,761,23,23745.310367908408807
,0,762,9,216837.910352632490685
,0,763,9,75658.944025493416120
,0,764,21,154242.070389114058344
,0,765,21,292689.909582324791700
,0,766,9,203675.315772254863987
,0,767,23,245963.130692337057553
,0,768,9,144173.804622176423436
,0,769,21,288394.081013403832912
,0,770,23,151750.089932031492935
,0,771,21,351618.986097882094327
,0,772,23,320316.929856249713339
,0,773,9,286589.819372129917610
,0,774,9,268991.701684858300723
,0,775,12,464062.517652977898251
,0,776,9,446320.667272742837667
,0,777,9,350865.463249476044439
,0,778,9,120617.367486910676234
,0,779,9,397319.921611212659627
,0,780,9,241441.131744783458998
,0,781,9,187505.052528187341522
,0,782,12,266173.380076905188616
,0,783,12,262062.217637549503706
,0,784,12,260520.532021475635702
,0,785,12,425094.042278062494006
,0,786,9,137663.009809704934014
,0,787,9,412963.924686201149598
,0,788,9,395777.754688389948569
,0,789,12,336795.528628991276491
,0,790,12,274519.888328857719898
,0,791,9,54554.087635807401966
,0,792,15,519151.882397815177683
,0,793,9,254749.777571753540542
,0,794,9,202331.459027333417907
,0,795,12,422700.117325806990266
,0,796,12,463033.510292223771103
,0,797,15,378453.133648407063447
,0,798,9,139960.048234195332043
,0,799,9,351386.469548146356829
,0,800,12,139157.577221439278219
,0,801,12,412599.924584567721467
,0,802,12,261516.447103193873772
,0,803,12,225085.213808477594284
,0,804,21,281209.385228861996438
,0,805,12,416865.485771934268996
,0,806,12,297507.866566444688942
,0,807,9,475003.504614463017788
,0,808,9,173859.135450814996148
,0,809,15,318627.353866661549546
,0,810,9,155559.913162316021044
,0,811,21,179352.004278196196537
,0,812,9,312722.701057894737460
,0,813,9,361394.041389567486476
,0,814,12,143920.134688408463262
,0,815,10,258800.274458278057864
,0,816,9,365692.100367556791753
,0,817,9,450630.513620644051116
,0,818,12,403590.288661241647787
,0,819,10,264344.402049245429225
,0,820,15,367882.640263346198481
,0,821,9,282663.711532688001171
,0,822,9,369544.696879212977365
,0,823,12,444278.639787969936151
,0,824,12,183778.255197085411055
,0,825,21,339894.128108334087301
,0,826,21,348456.503980570298154
,0,827,9,422507.251793296600226
,0,828,21,239177.202849853900261
,0,829,9,283140.127010765601881
,0,830,9,79752.855307099569472
,0,831,23,253429.006710757297697
,0,832,12,379875.862928794347681
,0,833,10,206819.516238688753219
,0,834,15,410935.738419050525408
,0,835,23,166092.640035132179037
,0,836,10,345694.896602415305097
,0,837,23,314734.147238746751100
,0,838,10,345922.047957112372387
,0,839,6,354766.448056833469309
,0,840,10,221124.088722646731185
,0,841,23,227585.020958998298738
,0,842,23,88402.601921311521437
,0,843,23,4907.312971172809739
,0,844,10,282210.464318016252946
,0,845,23,397010.364271516271401
,0,846,23,349475.986868955660611
,0,847,6,338397.017698851355817
,0,848,10,402735.917060946463607
,0,849,23,74129.246901512669865
,0,850,10,358047.787478294922039
,0,851,23,308822.710916175215971
,0,852,10,258268.629642308078473
,0,853,49,650494.661780494381674
,0,854,53,536570.491022151079960
,0,855,53,719795.330124258063734
,0,856,53,432407.588431663461961
,0,857,49,751828.560735516366549
,0,858,53,232333.072068317065714
,0,859,53,125850.654820819356246
,0,860,53,253524.088596477144165
,0,861,53,794319.739844861789607
,0,862,49,656089.302616172819398
,0,863,34,865803.486297736759298
,0,864,53,575661.909730469924398
,0,865,52,815173.348223192151636
,0,866,53,264898.298596259148326
,0,867,34,781796.580017567845061
,0,868,34,624510.731089444714598
,0,869,52,753040.816612427821383
,0,870,53,518533.334220195538364
,0,871,34,743400.892827143310569
,0,872,34,752909.149834052310325
,0,873,53,498247.381517722620629
,0,874,49,851674.348224489483982
,0,875,34,624504.394679387332872
,0,876,53,766323.848789703566581
,0,877,53,769891.016277054324746
,0,878,34,622531.830502274213359
,0,879,53,790096.954599365475588
,0,880,53,298609.933250535221305
,0,881,53,505422.878343124815729
,0,882,52,324384.588511268724687
,0,883,52,325626.917995693744160
,0,884,51,269782.490664250159170
,0,885,50,521757.209002679563127
,0,886,34,629401.026381479226984
,0,887,50,342425.946400807064492
,0,888,50,80873.093043198430678
,0,889,49,499243.144985985651147
,0,890,50,68765.592757910664659
,0,891,49,672897.246199007495306
,0,892,49,447644.096546846209094
,0,893,50,440672.275067742622923
,0,894,50,101559.467643111056532
,0,895,50,249286.288431862718426
,0,896,34,631756.534450803650543
,0,897,49,483348.448023816104978
,0,898,50,365843.760119900107384
,0,899,50,129284.734593354980461
,0,900,34,462262.909437722235452
,0,901,50,422690.072143558820244
,0,902,49,622302.024740011431277
,0,903,50,610620.239066933165304
,0,904,33,394321.919281797308940
,0,905,44,412422.316271877556574
,0,906,34,442329.381290393241215
,0,907,44,283050.147424136463087
,0,908,44,176174.077414298575604
,0,909,34,228755.968009199539665
,0,910,44,175986.530789178097621
,0,911,44,307591.904129648464732
,0,912,44,357666.342135972226970
,0,913,50,402942.171822858101223
,0,914,34,166766.975661012111232
,0,915,34,391718.139511474466417
,0,916,44,150938.766416851052782
,0,917,33,435217.979718326823786
,0,918,47,413244.944091830810066
,0,919,34,207584.510850992053747
,0,920,33,466964.036633779993281
,0,921,44,39462.742866418964695
,0,922,12,321776.486762797168922
,0,923,12,152868.468555077386554
,0,924,12,387587.342044536315370
,0,925,12,968256.547024468192831
,0,926,12,184629.495488700020360
,0,927,12,638761.116139030433260
,0,928,12,358057.145532252267003
,0,929,12,382500.647770143346861
,0,930,12,236666.989655039069476
,0,931,12,418245.919880327361170
,0,932,12,787138.756089952075854
,0,933,12,340277.355364554154221
,0,934,12,553145.871732290950604
,0,935,12,805895.433003477635793
,0,936,12,514829.932927045272663
,0,937,12,209908.713845122809289
,0,938,12,335483.317078689404298
,0,939,12,35610.333183384747826
,0,940,12,344197.002656204451341
,0,941,12,224231.094767237023916
,0,942,12,441193.684927673195489
,0,943,12,301730.020245551597327
,0,944,12,548548.787604045821354
,0,945,12,660417.372488756431267
,0,946,12,257572.406825901271077
,0,947,12,730337.219460986438207
,0,948,14,467937.285519146709703
,0,949,12,709086.837049304042011
,0,950,12,298497.172777048486751
,0,951,12,609208.891153551056050
,0,952,12,462835.277575718413573
,0,953,12,129240.184158353949897
,0,954,14,512302.985821034817491
,0,955,14,438622.956606179999653
,0,956,12,295958.676747189078014
,0,957,12,642886.800145005225204
,0,958,12,453066.663226570817642
,0,959,12,82946.696624532254646
,0,960,12,676861.451987573876977
,0,961,12,283744.740233686577994
,0,962,12,309356.196586762729567
,0,963,12,796170.303855313337408
,0,964,12,997696.825645118486136
,0,965,12,208186.127225895354059
,0,966,12,908359.918617152259685
,0,967,12,183342.423540460702498
,0,968,12,183342.423540460702498
,0,969,17,95587.736418805390713
,0,970,10,1165238.421412839787081
,0,971,25,1146538.400593810249120
,0,972,10,708030.559407030581497
,0,973,3,475167.765619879763108
,0,974,25,815088.973479424137622
,0,975,3,468440.417487001453992
,0,976,10,1187610.755918369395658
,0,977,17,618211.676771229365841
,0,978,3,584761.468094637850299
,0,979,17,609913.147129149525426
,0,980,3,423373.838756730314344
,0,981,25,484365.227600078389514
,0,982,3,553332.225816012476571
,0,983,10,830023.504319659899920
,0,984,20,291233.175405410758685
,0,985,17,280616.434495082939975
,0,986,20,375582.289395631756634
,0,987,17,134286.793051891436335
,0,988,10,1049112.756587083917111
,0,989,17,284169.170036452473141
,0,990,17,106786.593327176728053
,0,991,17,311188.364797881047707
,0,992,17,402460.655812700802926
,0,993,17,448944.933316840848420
,0,994,25,524669.639529984327964
,0,995,20,377440.059457510069478
,0,996,17,543662.471420193440281
,0,997,20,453287.040299806511030
,0,998,3,573922.898501600371674
,0,999,20,211556.644816103071207
,0,1000,17,868797.866021653637290
,0,1001,3,848352.409685838851146
,0,1002,3,547320.246179977199063
,0,1003,17,350111.235518532455899
,0,1004,46,134502.152925128437346
,0,1005,47,272267.049153419735376
,0,1006,46,493085.394997757219244
,0,1007,47,375295.379075150645804
,0,1008,46,89819.078712882852415
,0,1009,44,224134.226898347667884
,0,1010,46,264569.734707003168296
,0,1011,46,449835.503779332269914
,0,1012,42,343604.435609957261477
,0,1013,42,506472.837810809374787
,0,1014,44,268477.186744435224682
,0,1015,46,314603.358933133713435
,0,1016,44,404376.400474460446276
,0,1017,34,265006.197137392591685
,0,1018,47,17012.902106822650239
,0,1019,46,280624.999015410139691
,0,1020,46,197100.433662240335252
,0,1021,44,382356.235093453782611
,0,1022,47,66452.870406001486117
,0,1023,44,251796.880901622091187
,0,1024,47,185598.165651750168763
,0,1025,46,316660.014573452295735
,0,1026,46,349066.233113144640811
,0,1027,47,75548.723097974914708
,0,1028,48,38820.281691274649347
,0,1029,40,65067.479825231981522
,0,1030,40,130769.312377325855778
,0,1031,41,58944.404843370073650
,0,1032,40,61827.844771130410663
,0,1033,40,110805.973405788841774
,0,1034,41,76152.450053718770505
,0,1035,41,86797.412506466309424
,0,1036,41,102986.265833826037124
,0,1037,41,10874.411051099834367
,0,1038,40,89716.801682804405573
,0,1039,41,89808.982182025225484
,0,1040,54,236514.695098373107612
,0,1041,54,272241.320169538201299
,0,1042,26,267791.332939789921511
,0,1043,41,104471.276315747993067
,0,1044,54,261430.789295885799220
,0,1045,26,63433.218640551283897
,0,1046,54,136379.213824698614189
,0,1047,26,209688.415529045189032
,0,1048,26,177624.274142915237462
,0,1049,54,309883.827961741131730
,0,1050,26,314172.421254321234301
,0,1051,41,223502.214073766604997
,0,1052,26,308678.349440501071513
,0,1053,54,136832.437283233273774
,0,1054,26,217818.057151174085448
,0,1055,54,284807.394130743807182
,0,1056,54,190236.452394234453095
,0,1057,54,192536.376935643114848
,0,1058,54,180118.899865943210898
,0,1059,41,174900.851124722859822
,0,1060,54,256744.889121303131105
,0,1061,26,191102.142669016437139
,0,1062,41,83180.043454369108076
,0,1063,26,240424.579257200239226
,0,1064,26,127854.353450129739940
,0,1065,26,241382.893282170785824
,0,1066,26,205222.175284245022340
,0,1067,26,176581.433748900162755
,0,1068,3,1027023.490564067382365
,0,1069,3,1072042.017610029084608
,0,1070,32,74690.926774315157672
,0,1071,32,124060.467108620170620
,0,1072,32,173610.044563927222043
,0,1073,15,463077.033189864247106
,0,1074,21,184301.036797560314881
,0,1075,21,248836.345981844759081
,0,1076,15,198331.322211805469124
,0,1077,14,376833.577667695819400
,0,1078,12,359892.953012701706029
,0,1079,12,497314.634699904767331
,0,1080,15,125251.249131745411432
,0,1081,15,371697.270223940897267
,0,1082,21,272011.318597359291743
,0,1083,12,394253.808447874791455
,0,1084,12,394103.083157753339037
,0,1085,21,122867.666101544687990
,0,1086,12,480241.595334529993124
,0,1087,15,292311.818355140450876
,0,1088,21,211401.201469139545225
,0,1089,12,314119.440142171864863
,0,1090,15,74839.490092353284126
,0,1091,15,114077.401824849046534
,0,1092,15,295035.723940960073378
,0,1093,15,360711.010583655850496
,0,1094,15,442273.745192586153280
,0,1095,12,181558.281866668083239
,0,1096,12,262760.080796732509043
,0,1097,21,117087.049720995521056
,0,1098,15,303531.533654895436484
,0,1099,12,237427.731544804235455
,0,1100,12,97579.125605726978392
,0,1101,15,386318.858194178552367
,0,1102,15,256283.401284803665476
,0,1103,15,94567.236457183855237
,0,1104,15,320992.792402483173646
,0,1105,15,284892.928661727113649
,0,1106,21,166151.519402743753744
,0,1107,12,78887.378900746494764
,0,1108,15,522977.452671176521108
,0,1109,21,82661.076772914864705
,0,1110,21,136193.317850276711397
,0,1111,12,496866.754287478630431
,0,1112,15,341969.661185428150930
,0,1113,15,182725.849431145266863
,0,1114,12,127970.077138446940808
,0,1115,12,238375.074397988792043
,0,1116,12,206048.760626973904436
,0,1117,14,514255.820613001880702
,0,1118,15,479124.118887863587588
,0,1119,12,240340.511945998790907
,0,1120,15,218856.655451295955572
,0,1121,12,135336.489131141221151
,0,1122,12,461385.397054060362279
,0,1123,15,263312.923701000690926
,0,1124,15,156881.651042287179735
,0,1125,15,290741.202951958926860
,0,1126,15,308308.698322864831425
,0,1127,21,156579.598640224983683
,0,1128,12,167738.737030198681168
,0,1129,14,361616.758172841509804
,0,1130,12,59790.632808990674675
,0,1131,9,385384.377841690147761
,0,1132,15,344661.551993253582623
,0,1133,15,242169.084958576306235
,0,1134,21,365230.517967686930206
,0,1135,12,208827.626274985261261
,0,1136,12,436260.234158146602567
,0,1137,12,178352.077308798208833
,0,1138,21,291868.382171816076152
,0,1139,21,350503.554295589623507
,0,1140,15,204347.097616534709232
,0,1141,22,32729.832403332973627
,0,1142,51,384746.189733451814391
,0,1143,15,390470.399160355445929
,0,1144,22,226222.736652622494148
,0,1145,22,242695.282403568620794
,0,1146,22,414310.975872462789994
,0,1147,51,366257.793915260815993
,0,1148,22,368476.425673034624197
,0,1149,22,164294.149027274281252
,0,1150,22,311203.785966598661616
,0,1151,22,36204.659033592310152
,0,1152,51,330590.345156481664162
,0,1153,51,414174.409961762547027
,0,1154,10,347922.813928435498383
,0,1155,10,846187.974336131592281
,0,1156,10,890457.893074031104334
,0,1157,10,448082.431749166396912
,0,1158,25,1018277.999238880234770
,0,1159,10,147467.275878013810143
,0,1160,12,640370.645233940333128
,0,1161,12,491478.008833635482006
,0,1162,10,190835.091803629737115
,0,1163,9,499117.683733882440720
,0,1164,10,86552.119216090562986
,0,1165,12,332961.975319462711923
,0,1166,12,738522.780521502019837
,0,1167,12,295177.753770319977775
,0,1168,10,195044.671388837741688
,0,1169,10,113644.363948595142574
,0,1170,12,447743.084862672723830
,0,1171,10,174024.991051247809082
,0,1172,12,321992.306665157666430
,0,1173,10,202686.722523653734243
,0,1174,10,121319.847237174180918
,0,1175,9,568190.324249866418540
,0,1176,12,997250.957927890471183
,0,1177,10,228383.410193127114326
,0,1178,10,222585.122241766483057
,0,1179,10,63133.188152694921882
,0,1180,10,194174.464973440364702
,0,1181,6,290050.571809325716458
,0,1182,6,203612.563095275807427
,0,1183,6,153321.006827730598161
,0,1184,6,173212.407396626425907
,0,1185,6,205370.934195793670369
,0,1186,6,216312.127088812238071
,0,1187,6,249438.131414161529392
,0,1188,6,327991.615555888391100
,0,1189,6,204772.728662822366459
,0,1190,16,399670.197690655884799
,0,1191,6,155231.489707369444659
,0,1192,6,193564.171567573939683
,0,1193,10,189012.717429692420410
,0,1194,6,358751.003609036328271
,0,1195,16,383175.949586150469258
,0,1196,6,374637.818942574027460
,0,1197,6,100169.153378908740706
,0,1198,10,219584.526534775533946
,0,1199,6,306531.695720968302339
,0,1200,6,188319.470231795217842
,0,1201,5,346483.344058132031932
,0,1202,6,287827.791388179350179
,0,1203,6,59135.942235806505778
,0,1204,6,120373.947965455547092
,0,1205,6,159901.983435074915178
,0,1206,16,386144.687695296888705
,0,1207,6,275113.297619289951399
,0,1208,10,218057.327311191358604
,0,1209,6,328474.257458740205038
,0,1210,6,281340.391408814059105
,0,1211,5,387606.521824943309184
,0,1212,23,272398.185814174532425
,0,1213,23,195967.889520468859700
,0,1214,23,171383.679745931731304
,0,1215,18,165103.500047089997679
,0,1216,23,276782.628442791523412
,0,1217,23,359484.393141295993701
,0,1218,23,222245.097137433476746
,0,1219,6,249066.807025887101190
,0,1220,6,347780.616082334134262
,0,1221,23,364774.086591058527119
,0,1222,23,227060.492172287340509
,0,1223,23,166077.185440764471423
,0,1224,23,129237.405830315794447
,0,1225,6,264928.149832634546328
,0,1226,6,311352.626269404543564
,0,1227,23,409492.364158995158505
,0,1228,23,228704.556090142286848
,0,1229,6,397055.402318604756147
,0,1230,6,295159.949798961053602
,0,1231,6,305204.748237548745237
,0,1232,6,273610.414764988410752
,0,1233,10,416717.518434701079968
,0,1234,23,104248.220868335542036
,0,1235,23,308368.670100043178536
,0,1236,23,247203.518304837751202
,0,1237,18,78424.454556361408322
,0,1238,23,291052.440933828882407
,0,1239,18,105188.133537655157852
,0,1240,16,271857.346397860965226
,0,1241,18,158911.270071466075024
,0,1242,23,305532.977262000611518
,0,1243,18,190517.784948440676089
,0,1244,18,247299.717139003303600
,0,1245,6,285591.153663035540376
,0,1246,18,342463.131013209931552
,0,1247,18,239885.184928983682767
,0,1248,6,237319.021166711492697
,0,1249,6,226062.592497802688740
,0,1250,6,323776.980557128787041
,0,1251,6,376896.725668511528056
,0,1252,6,229387.681975845247507
,0,1253,18,137504.377904753491748
,0,1254,18,78113.897989031538600
,0,1255,18,17033.285115637048875
,0,1256,6,215207.363268799963407
,0,1257,6,396584.570701514778193
,0,1258,6,231512.777532182080904
,0,1259,23,251861.568870086630341
,0,1260,6,345323.934371924260631
,0,1261,18,296963.680656582931988
,0,1262,16,367369.133782483346295
,0,1263,16,390375.928961439291015
,0,1264,6,272904.712685267149936
,0,1265,6,313658.551018676604144
,0,1266,16,354402.227482282032724
,0,1267,6,397067.826277088723145
,0,1268,23,269674.234964519797359
,0,1269,6,294972.625508132972755
,0,1270,4,101359.757031385219307
,0,1271,4,48446.605512799229473
,0,1272,4,77538.255919034752878
,0,1273,4,58678.650524487376970
,0,1274,4,76179.032414141824120
,0,1275,4,100130.465265182210715
,0,1276,4,147284.768415903206915
,0,1277,4,116068.263174486884964
,0,1278,4,41048.083884053623478
,0,1279,24,711499.313944635447115
,0,1280,24,442206.900358719052747
,0,1281,24,737805.827896530856378
,0,1282,24,983201.652447164175101
,0,1283,27,826119.722703194129281
,0,1284,24,518411.141880516253877
,0,1285,24,219493.506320935179247
,0,1286,27,770840.984403730719350
,0,1287,24,622732.586393230827525
,0,1288,24,218908.420747303229291
,0,1289,24,363474.447913278592750
,0,1290,24,672026.644509061472490
,0,1291,24,573764.812039049225859
,0,1292,24,706984.849509975407273
,0,1293,5,753954.912110343691893
,0,1294,1,247310.395696098217741
,0,1295,1,408887.580283198796678
,0,1296,1,247453.899263526953291
,0,1297,5,412742.923620031564496
,0,1298,1,589625.297629424021579
,0,1299,5,394977.005341775889974
,0,1300,3,754926.940473556984216
,0,1301,1,115445.322620192455361
,0,1302,1,154176.849245901830727
,0,1303,1,297258.984119707893115
,0,1304,1,976711.288943226099946
,0,1305,11,177916.643886260921136
,0,1306,5,551546.320251881028526
,0,1307,22,147421.175851947395131
,0,1308,21,31354.869552664651565
,0,1309,22,204880.706943513039732
,0,1310,22,178519.626451736170566
,0,1311,22,116947.128298518407973
,0,1312,2,22740.277908913638385
,0,1313,2,160282.095868965960108
,0,1314,2,36431.666561052654288
,0,1315,38,457214.895932402869221
,0,1316,38,695012.960054985131137
,0,1317,38,518887.949154072732199
,0,1318,38,282154.587792086938862
,0,1319,38,265050.655326031730510
,0,1320,38,698250.168811752926558
,0,1321,38,87481.590561784760212
,0,1322,38,212020.937318821001099
,0,1323,38,199955.862863816175377
,0,1324,38,224033.146880931773921
,0,1325,38,416967.186332902405411
,0,1326,38,534678.932466341531835
,0,1327,36,574482.440779491211288
,0,1328,35,251523.660605078766821
,0,1329,37,361323.273331825970672
,0,1330,39,36324.167691195332736
,0,1331,42,49445.742706374709087
,0,1332,19,11564.732406507850101
,0,1333,0,122857.070544925343711